28.479764 60.333795 40.78981781 29.50947762
28.479764 60.333795 40.78981781 29.50947762
28.479764 60.333795 40.78981781 29.50947952
55.893233 56.241015 40.78961945 29.50925446
55.893233 56.241015 40.78961945 29.50925446
55.893233 56.241015 40.78962326 29.50925446
55.893233 56.241015 40.78962326 29.50925446
55.893233 56.241015 40.78962326 29.50925446
55.893233 56.241015 40.78962326 29.50925446
55.893233 56.241015 40.78962326 29.50925446
69.815918 54.283501 40.78953934 29.50913620
69.815918 54.283501 40.78953934 29.50913620
69.805925 54.283863 40.78953934 29.50913620
69.815918 54.283504 40.78953934 29.50913620
69.815918 54.283504 40.78953934 29.50913620
69.815918 54.283504 40.78953934 29.50913620
69.815918 54.283504 40.78953934 29.50913620
82.532387 52.911316 40.78944778 29.50903702
82.532387 52.911316 40.78944778 29.50903702
82.532387 52.911316 40.78944778 29.50903702
82.532387 52.911316 40.78944778 29.50903702
82.532387 52.911316 40.78944778 29.50903702
82.532387 52.911316 40.78944778 29.50903702
82.532387 52.911316 40.78944778 29.50903702
82.532387 52.911316 40.78944778 29.50903702
82.532387 52.911316 40.78944778 29.50903702
82.532387 52.911316 40.78944778 29.50903702
82.432573 52.917410 40.78944778 29.50903893
82.362770 52.922659 40.78944778 29.50903893
82.173493 52.939206 40.78944778 29.50903893
82.053945 52.949618 40.78944778 29.50903893
81.814791 52.969742 40.78945160 29.50904274
81.685217 52.980267 40.78945160 29.50904274
81.416131 53.002453 40.78945160 29.50904655
81.266517 53.013210 40.78945160 29.50904655
80.986881 53.027350 40.78945541 29.50905037
80.846979 53.032583 40.78945541 29.50905037
80.587196 53.043191 40.78945923 29.50905228
80.457299 53.048375 40.78945923 29.50905228
80.187504 53.058877 40.78946304 29.50905609
80.057562 53.062759 40.78946304 29.50905609
79.797653 53.069640 40.78946686 29.50905991
79.677686 53.072449 40.78946686 29.50905991
79.497727 53.076291 40.78946686 29.50906181
79.447737 53.077305 40.78946686 29.50906181
79.437739 53.077507 40.78947067 29.50906372
79.457735 53.077094 40.78947067 29.50906372
16.556419 25.955900 40.79008484 29.50923538
16.556419 25.955900 40.79008484 29.50923538
16.556419 25.955900 40.79008484 29.50923538
16.556419 25.955900 40.79008484 29.50923538
16.556419 25.955900 40.79008484 29.50923538
16.536681 25.959125 40.79008484 29.50923538
16.428424 25.978616 40.79008484 29.50923729
16.340187 25.996341 40.79008484 29.50923729
16.134992 26.041006 40.79008484 29.50923920
16.008005 26.068829 40.79008484 29.50923920
15.744093 26.125843 40.79008865 29.50924301
15.607165 26.155011 40.79008865 29.50924301
15.313463 26.216155 40.79008865 29.50924683
15.176314 26.244267 40.79008865 29.50924683
14.882198 26.303392 40.79009247 29.50925064
14.725387 26.335175 40.79009247 29.50925064
14.440964 26.391772 40.79009247 29.50925636
14.293749 26.420545 40.79009247 29.50925636
13.999094 26.476922 40.79009628 29.50926018
13.861500 26.502764 40.79009628 29.50926018
13.546783 26.560672 40.79010010 29.50926590
13.399155 26.587242 40.79010010 29.50926590
13.093738 26.640334 40.79010010 29.50926971
12.935707 26.665358 40.79010010 29.50926971
12.629329 26.712607 40.79010391 29.50927353
12.481007 26.734977 40.79010391 29.50927353
12.164421 26.781599 40.79010773 29.50927925
12.006037 26.804279 40.79010773 29.50927925
11.669289 26.851188 40.79011154 29.50928307
11.510745 26.872729 40.79011154 29.50928307
11.183575 26.915850 40.79011154 29.50928688
11.024870 26.936163 40.79011154 29.50928688
10.717238 26.974405 40.79011536 29.50929260
10.568322 26.992410 40.79011536 29.50929260
10.250508 27.029746 40.79011917 29.50929642
10.081685 27.049716 40.79011917 29.50929642
9.753815 27.087145 40.79012299 29.50930023
9.584832 27.105712 40.79012299 29.50930023
9.266604 27.139342 40.79012680 29.50930595
9.107425 27.155523 40.79012680 29.50930595
8.838712 27.181853 40.79012680 29.50930977
8.729206 27.192271 40.79012680 29.50930977
8.520095 27.211576 40.79013062 29.50931168
8.430456 27.219623 40.79013062 29.50931168
8.281033 27.232763 40.79013062 29.50931549
8.231219 27.237075 40.79013062 29.50931549
8.151511 27.243910 40.79013062 29.50931740
8.141547 27.244756 40.79013062 29.50931740
-4.556971 26.462788 40.79021835 29.50939178
-4.556971 26.462788 40.79021835 29.50939178
-4.556971 26.462788 40.79021835 29.50939178
-4.556971 26.462788 40.79021835 29.50939178
-4.556971 26.462788 40.79021835 29.50938988
-4.559060 26.453009 40.79021835 29.50938988
-4.575675 26.374753 40.79022217 29.50938988
-4.588056 26.316045 40.79022217 29.50938988
-4.620763 26.159423 40.79022217 29.50938797
-4.638955 26.071281 40.79022217 29.50938797
-4.680774 25.865487 40.79022598 29.50938606
-4.702421 25.757638 40.79022598 29.50938606
-4.745095 25.541817 40.79022598 29.50938416
-4.766129 25.433847 40.79022598 29.50938416
-4.809409 25.207955 40.79022980 29.50938225
-4.831655 25.090036 40.79022980 29.50938225
-4.873636 24.863899 40.79023361 29.50937843
-4.895240 24.745860 40.79023361 29.50937843
-4.937659 24.509639 40.79023361 29.50937653
-4.956754 24.401309 40.79023361 29.50937653
-4.994420 24.184557 40.79023743 29.50937462
-5.012926 24.076125 40.79023743 29.50937462
-5.054004 23.829523 40.79024124 29.50937080
-5.074872 23.701209 40.79024124 29.50937080
-5.119870 23.414722 40.79024124 29.50936699
-5.142437 23.266429 40.79024124 29.50936699
-5.189499 22.949909 40.79024506 29.50936508
-5.208584 22.821317 40.79024506 29.50936508
-5.237660 22.623442 40.79024887 29.50936127
-5.249136 22.544270 40.79024887 29.50936127
-5.273180 22.375979 40.79025269 29.50935936
-5.289845 22.257141 40.79025269 29.50935936
-5.329339 21.969843 40.79025269 29.50935745
-5.355088 21.781596 40.79025269 29.50935745
-5.411553 21.365411 40.79025650 29.50935364
-5.432847 21.206834 40.79025650 29.50935364
-5.460515 20.998665 40.79026031 29.50934982
-5.474593 20.889569 40.79026031 29.50934982
-5.505285 20.651540 40.79026031 29.50934792
-5.522758 20.512635 40.79026031 29.50934792
-5.561181 20.205026 40.79026413 29.50934601
-5.577963 20.066035 40.79026413 29.50934601
-5.606954 19.817722 40.79026794 29.50934219
-5.608110 19.807789 40.79026794 29.50934219
-5.608110 19.807789 40.79026794 29.50934029
-5.608110 19.807789 40.79026794 29.50934029
-5.608110 19.807789 40.79026794 29.50934029
-5.608110 19.807789 40.79026794 29.50934029
-5.608110 19.807789 40.79026794 29.50934029
-10.029932 -3.882802 40.79043961 29.50913239
-10.029932 -3.882802 40.79043961 29.50913239
-10.020221 -3.885187 40.79043961 29.50913239
-9.971655 -3.897078 40.79043961 29.50913239
-9.835611 -3.930124 40.79043961 29.50913239
-9.757903 -3.949134 40.79043961 29.50913239
-9.534346 -4.003192 40.79043579 29.50912857
-9.427343 -4.028695 40.79043579 29.50912857
-9.174284 -4.088371 40.79043579 29.50912666
-9.038188 -4.121202 40.79043579 29.50912666
-8.766290 -4.188068 40.79043198 29.50912285
-8.620583 -4.223697 40.79043198 29.50912285
-8.319448 -4.297301 40.79043198 29.50911903
-8.183582 -4.331072 40.79043198 29.50911903
-7.921555 -4.396201 40.79042816 29.50911522
-7.785831 -4.430538 40.79042816 29.50911522
-7.533804 -4.494429 40.79042816 29.50911140
-7.407868 -4.526678 40.79042816 29.50911140
-7.136875 -4.597126 40.79042435 29.50910759
-7.001268 -4.631922 40.79042435 29.50910759
-6.729795 -4.700494 40.79042435 29.50910378
-6.603406 -4.730920 40.79042435 29.50910378
-6.349688 -4.787720 40.79042053 29.50909996
-6.242136 -4.810797 40.79042053 29.50909996
-5.977401 -4.863841 40.79041672 29.50909615
-5.849709 -4.888231 40.79041672 29.50909615
-5.594094 -4.935777 40.79041672 29.50909424
-5.476047 -4.957340 40.79041672 29.50909424
-5.210279 -5.004954 40.79041290 29.50909042
-5.072385 -5.029149 40.79041290 29.50909042
-4.796739 -5.078332 40.79041290 29.50908661
-4.649015 -5.104362 40.79041290 29.50908661
-4.353372 -5.155308 40.79040909 29.50908279
-4.195592 -5.181870 40.79040909 29.50908279
-3.909531 -5.229501 40.79040527 29.50907898
-3.771529 -5.253071 40.79040527 29.50907898
-3.465734 -5.303951 40.79040527 29.50907516
-3.337427 -5.324864 40.79040527 29.50907516
-3.100438 -5.362761 40.79040146 29.50907135
-3.011530 -5.376738 40.79040146 29.50907135
-2.883079 -5.396751 40.79040146 29.50906944
-2.843549 -5.402862 40.79040146 29.50906944
-2.813898 -5.407425 40.79040146 29.50906754
-2.813898 -5.407425 40.79040146 29.50906754
-2.813898 -5.407425 40.79040146 29.50906754
42.693275 -15.201805 40.79011536 29.50864029
42.693275 -15.201805 40.79011536 29.50864029
42.693275 -15.201805 40.79011536 29.50864029
42.723031 -15.205624 40.79011536 29.50864029
42.772629 -15.211955 40.79011536 29.50864029
42.941303 -15.233145 40.79011536 29.50864029
43.060397 -15.247863 40.79011536 29.50864029
43.308588 -15.277884 40.79011154 29.50863647
43.437694 -15.293100 40.79011154 29.50863647
43.705793 -15.325090 40.79011154 29.50863457
43.844813 -15.341621 40.79011154 29.50863457
44.122927 -15.374064 40.79010773 29.50863075
44.271979 -15.390899 40.79010773 29.50863075
44.580056 -15.425369 40.79010391 29.50862885
44.719120 -15.441536 40.79010391 29.50862885
45.007206 -15.474798 40.79010010 29.50862503
45.156154 -15.492530 40.79010010 29.50862503
45.424216 -15.524817 40.79010010 29.50862122
45.563220 -15.541489 40.79010010 29.50862122
45.840980 -15.576805 40.79009628 29.50861740
45.989525 -15.597649 40.79009628 29.50861740
46.265849 -15.642830 40.79009247 29.50861359
46.403657 -15.667506 40.79009247 29.50861359
46.698612 -15.722294 40.79009247 29.50860977
46.846089 -15.749690 40.79009247 29.50860977
47.141183 -15.803721 40.79008865 29.50860596
47.288707 -15.830858 40.79008865 29.50860596
47.573727 -15.884372 40.79008865 29.50860023
47.701565 -15.907981 40.79008865 29.50860023
47.937705 -15.950854 40.79008484 29.50859642
48.016450 -15.964968 40.79008484 29.50859642
48.164142 -15.991182 40.79008484 29.50859451
48.223233 -16.001586 40.79008484 29.50859451
48.302030 -16.015403 40.79008484 29.50859070
48.331582 -16.020568 40.79008484 29.50859070
76.982628 -18.795498 40.78988647 29.50835419
76.982628 -18.795498 40.78988647 29.50835419
77.000287 -18.786108 40.78988647 29.50835419
77.044486 -18.762732 40.78988647 29.50835419
77.195226 -18.684136 40.78988266 29.50835419
77.284058 -18.638213 40.78988266 29.50835419
77.515110 -18.518987 40.78988266 29.50835419
77.639480 -18.454706 40.78988266 29.50835419
77.898012 -18.323326 40.78987885 29.50835228
78.032149 -18.256190 40.78987885 29.50835228
78.291639 -18.126712 40.78987503 29.50835228
78.426204 -18.060437 40.78987503 29.50835228
78.687097 -17.933807 40.78987122 29.50835037
78.822514 -17.869294 40.78987122 29.50835037
79.075447 -17.749189 40.78986740 29.50834846
79.210928 -17.684809 40.78986740 29.50834846
79.481438 -17.555101 40.78986359 29.50834846
79.598468 -17.498497 40.78986359 29.50834846
79.850145 -17.375783 40.78985977 29.50834656
79.984715 -17.309519 40.78985977 29.50834656
80.225439 -17.187248 40.78985596 29.50834656
80.357537 -17.116184 40.78985596 29.50834656
80.601436 -16.978673 40.78985214 29.50834465
80.721335 -16.906395 40.78985214 29.50834465
80.964159 -16.747888 40.78984833 29.50834465
81.086485 -16.661076 40.78984833 29.50834465
81.315339 -16.483008 40.78984451 29.50834465
81.422083 -16.392423 40.78984451 29.50834465
81.620654 -16.209515 40.78984070 29.50834656
81.719524 -16.110395 40.78984070 29.50834656
81.895257 -15.918808 40.78983688 29.50834656
81.985456 -15.811737 40.78983688 29.50834656
82.156613 -15.590175 40.78983307 29.50834846
82.237352 -15.475803 40.78983307 29.50834846
82.389407 -15.240721 40.78982925 29.50835037
82.460183 -15.119929 40.78982925 29.50835037
82.572098 -14.918996 40.78982925 29.50835228
82.610391 -14.848756 40.78982925 29.50835228
84.383421 11.524944 40.78964233 29.50860786
84.383421 11.524944 40.78964233 29.50860786
84.383421 11.524944 40.78964233 29.50860786
84.383421 11.524944 40.78964233 29.50860786
84.383421 11.524944 40.78964233 29.50860786
84.386744 11.564806 40.78963852 29.50860977
84.394098 11.654504 40.78963852 29.50860977
84.398925 11.714310 40.78963852 29.50860977
84.411521 11.873813 40.78963852 29.50861168
84.417974 11.953553 40.78963470 29.50861359
84.432072 12.122967 40.78963470 29.50861359
84.440124 12.212606 40.78963470 29.50861549
84.458455 12.411764 40.78963470 29.50861549
84.467763 12.511330 40.78963470 29.50861549
84.489899 12.730213 40.78963470 29.50861740
84.500876 12.829608 40.78963089 29.50861931
84.530695 13.067747 40.78963089 29.50861931
84.548324 13.196546 40.78962708 29.50862122
84.582071 13.424056 40.78962708 29.50862122
84.601835 13.552544 40.78962708 29.50862122
84.638491 13.779604 40.78962326 29.50862503
84.657680 13.898060 40.78962326 29.50862503
84.697766 14.134689 40.78962326 29.50862694
84.719311 14.262891 40.78961945 29.50863075
84.759967 14.509563 40.78961945 29.50863075
84.782362 14.647760 40.78961945 29.50863075
84.826172 14.924311 40.78961945 29.50863266
84.846110 15.052773 40.78961945 29.50863266
84.886685 15.319707 40.78961563 29.50863457
84.904401 15.438392 40.78961563 29.50863647
84.940622 15.685754 40.78961563 29.50863647
84.957646 15.804541 40.78961182 29.50863838
84.989571 16.032314 40.78961182 29.50863838
85.004544 16.141290 40.78961182 29.50863838
85.033996 16.359310 40.78961182 29.50864029
85.048400 16.468363 40.78960800 29.50864410
85.077978 16.696453 40.78960800 29.50864410
85.091822 16.805578 40.78960800 29.50864601
85.119053 17.023886 40.78960800 29.50864601
85.133599 17.143001 40.78960800 29.50864601
85.159644 17.361454 40.78960419 29.50864792
85.171203 17.460784 40.78960419 29.50864983
85.188212 17.609816 40.78960419 29.50864983
85.192693 17.649565 40.78960037 29.50864983
85.193814 17.659501 40.78960037 29.50864983
85.192688 17.649565 40.78960037 29.50864983
85.190437 17.629692 40.78960419 29.50864983
86.951322 62.227514 40.78938675 29.50904083
86.823553 62.251497 40.78938675 29.50904083
86.587544 62.295085 40.78939056 29.50904465
86.469477 62.316533 40.78939056 29.50904465
86.243067 62.357011 40.78939056 29.50904846
86.124886 62.377826 40.78939056 29.50904846
84.674244 62.615425 40.78940201 29.50905991
84.565487 62.631917 40.78940201 29.50905991
84.337990 62.665751 40.78940582 29.50906372
84.209350 62.684509 40.78940582 29.50906372
83.951952 62.721197 40.78940582 29.50906754
83.823197 62.739147 40.78940582 29.50906754
83.605219 62.768903 40.78940964 29.50906944
83.486274 62.784785 40.78940964 29.50906944
83.268138 62.813361 40.78940964 29.50907135
83.168950 62.826078 40.78940964 29.50907135
82.960613 62.852454 40.78941345 29.50907516
82.871301 62.863561 40.78941345 29.50907516
82.662850 62.889022 40.78941345 29.50907707
82.553631 62.902106 40.78941345 29.50907707
82.325196 62.928889 40.78941727 29.50907898
82.215905 62.941354 40.78941727 29.50907898
82.007203 62.964672 40.78941727 29.50908279
81.887914 62.977713 40.78941727 29.50908279
81.669146 63.000958 40.78942108 29.50908470
81.559724 63.012225 40.78942108 29.50908470
81.330880 63.035256 40.78942490 29.50908661
81.231363 63.045073 40.78942490 29.50908661
81.042219 63.063082 40.78942490 29.50908852
80.932686 63.073206 40.78942490 29.50908852
80.703605 63.093748 40.78942490 29.50909042
80.603985 63.102451 40.78942490 29.50909042
80.404703 63.119383 40.78942871 29.50909424
80.305038 63.127562 40.78942871 29.50909424
80.065779 63.146404 40.78942871 29.50909615
79.926178 63.156973 40.78942871 29.50909615
79.676838 63.175127 40.78943253 29.50909996
79.557131 63.183503 40.78943253 29.50909996
79.317664 63.199495 40.78943634 29.50910378
79.197907 63.207120 40.78943634 29.50910378
78.948369 63.222312 40.78943634 29.50910568
78.838554 63.228691 40.78943634 29.50910568
78.578948 63.243003 40.78944016 29.50910950
78.439140 63.250325 40.78944016 29.50910950
78.169473 63.263720 40.78944016 29.50911140
78.069583 63.268415 40.78944016 29.50911140
77.839816 63.278765 40.78944397 29.50911522
77.729916 63.283443 40.78944397 29.50911522
77.510089 63.292165 40.78944778 29.50911713
77.390173 63.296655 40.78944778 29.50911713
77.200289 63.303313 40.78944778 29.50912094
77.100344 63.306615 40.78944778 29.50912094
76.880445 63.313275 40.78944778 29.50912285
76.770488 63.316373 40.78944778 29.50912285
76.570559 63.321690 40.78945160 29.50912666
76.480586 63.323899 40.78945160 29.50912666
76.270640 63.328651 40.78945160 29.50912857
76.160663 63.330894 40.78945160 29.50912857
75.950696 63.334640 40.78945541 29.50913048
75.860707 63.336034 40.78945541 29.50913048
75.680725 63.338528 40.78945541 29.50913239
75.600730 63.339486 40.78945541 29.50913239
75.430739 63.341208 40.78945923 29.50913429
75.350741 63.341793 40.78945923 29.50913429
75.260743 63.342384 40.78945923 29.50913620
75.250743 63.342447 40.78945923 29.50913620
75.290742 63.342187 40.78945923 29.50913429
75.310742 63.342051 40.78945923 29.50913429
75.360741 63.341692 40.78945923 29.50913429
75.390740 63.341469 40.78945923 29.50913429
75.460738 63.340898 40.78945923 29.50913429
75.490736 63.340643 40.78945923 29.50913429
75.570733 63.339906 40.78945541 29.50913239
75.600732 63.339611 40.78945541 29.50913239
75.680727 63.338761 40.78945541 29.50913048
75.700726 63.338554 40.78945541 29.50913048
75.700726 63.338554 40.78945541 29.50913048
75.700726 63.338554 40.78945541 29.50913048
75.700726 63.338554 40.78945541 29.50913239
75.700726 63.338554 40.78945541 29.50913239
75.700726 63.338554 40.78945541 29.50913048
75.700726 63.338554 40.78945541 29.50913048
75.700726 63.338554 40.78945541 29.50913048
75.700726 63.338554 40.78945541 29.50913048
75.700726 63.338554 40.78945541 29.50913048
75.700726 63.338554 40.78945541 29.50913048
75.700726 63.338554 40.78945541 29.50913048
75.700726 63.338554 40.78945541 29.50913048
75.700726 63.338554 40.78945541 29.50913048
75.700726 63.338554 40.78945541 29.50913048
75.700726 63.338554 40.78945541 29.50913048
75.700726 63.338554 40.78945541 29.50913048
