-2.976354 -1.505607 40.79041290 29.50906944
-2.976354 -1.505607 40.79041290 29.50906944
-2.956705 -1.509339 40.79041290 29.50906944
-2.858432 -1.527840 40.79041290 29.50906944
-2.779787 -1.542500 40.79041290 29.50906944
-2.563408 -1.582256 40.79041290 29.50906944
-2.435484 -1.605395 40.79041290 29.50906563
-2.169671 -1.652757 40.79041290 29.50906563
-2.031768 -1.676897 40.79040909 29.50906372
-1.755819 -1.724355 40.79040909 29.50905991
-1.627635 -1.746005 40.79040527 29.50905991
-1.361274 -1.790188 40.79040527 29.50905800
-1.223092 -1.812674 40.79040146 29.50905800
-0.966355 -1.853738 40.79040146 29.50905418
-0.828046 -1.875431 40.79040146 29.50905418
-0.551304 -1.918019 40.79040146 29.50905228
-0.412873 -1.938918 40.79040146 29.50905228
-0.155669 -1.976945 40.79040146 29.50904846
-0.027014 -1.995594 40.79040146 29.50904846
0.240304 -2.033558 40.79040146 29.50904655
0.369065 -2.051466 40.79039764 29.50904655
0.636615 -2.087755 40.79039764 29.50904274
0.775400 -2.106155 40.79039764 29.50904274
1.043166 -2.140814 40.79039764 29.50903893
1.191980 -2.159642 40.79039383 29.50903893
1.459951 -2.192682 40.79039001 29.50903702
1.598953 -2.209366 40.79039001 29.50903702
1.877039 -2.242048 40.79039001 29.50903320
2.016113 -2.258123 40.79039001 29.50903320
2.274386 -2.288037 40.79039001 29.50902939
2.413492 -2.303839 40.79038620 29.50902939
2.691753 -2.334990 40.79038620 29.50902748
2.830936 -2.350097 40.79038239 29.50902748
3.119276 -2.381076 40.79038239 29.50902367
3.258411 -2.396620 40.79038239 29.50902367
3.536570 -2.428673 40.79037857 29.50901985
3.665725 -2.443475 40.79037857 29.50901985
3.923924 -2.474017 40.79037857 29.50901604
4.053035 -2.489196 40.79037857 29.50901604
4.301304 -2.518561 40.79037857 29.50901222
4.430439 -2.533537 40.79037476 29.50901222
4.708574 -2.565797 40.79037094 29.50901031
4.837717 -2.580701 40.79037094 29.50901031
5.105971 -2.611359 40.79037094 29.50900650
5.245055 -2.627349 40.79037094 29.50900650
5.503258 -2.657856 40.79037094 29.50900269
5.632402 -2.672754 40.79036713 29.50900269
5.870714 -2.701162 40.79036713 29.50900078
6.009685 -2.718099 40.79036713 29.50900078
6.257762 -2.749052 40.79036713 29.50999832
6.396692 -2.766330 40.79036331 29.50899887
6.674565 -2.800776 40.79036331 29.50899506
6.813440 -2.818487 40.79035950 29.50899506
7.091142 -2.854282 40.79035950 29.50899124
7.219963 -2.871753 40.79035950 29.50899124
7.477521 -2.907304 40.79035950 29.50898933
7.616216 -2.926372 40.79035568 29.50898933
7.883765 -2.962675 40.79035568 29.50898552
8.022514 -2.981348 40.79035568 29.50898552
8.299945 -3.019189 40.79035568 29.50898170
8.438625 -3.038370 40.79035187 29.50898170
8.706141 -3.074907 40.79035187 29.50897789
8.844871 -3.093720 40.79035187 29.50897789
9.112400 -3.130166 40.79035187 29.50897598
9.241229 -3.147578 40.79034805 29.50897598
9.498973 -3.181751 40.79034805 29.50897217
9.627868 -3.198666 40.79034805 29.50897217
9.885706 -3.232127 40.79034424 29.50896835
10.014658 -3.248598 40.79034424 29.50896835
10.282438 -3.283156 40.79034424 29.50896454
10.421305 -3.300924 40.79034424 29.50896454
10.689127 -3.335148 40.79034424 29.50896072
10.818080 -3.351616 40.79034042 29.50896072
11.076021 -3.384277 40.79034042 29.50895691
11.205002 -3.400515 40.79034042 29.50895691
11.462870 -3.433750 40.79034042 29.50895309
11.591844 -3.450045 40.79033661 29.50895309
11.879645 -3.485691 40.79033661 29.50894928
12.008670 -3.501586 40.79033279 29.50894928
12.286605 -3.535528 40.79033279 29.50894547
12.425498 -3.553097 40.79033279 29.50894547
12.703217 -3.588761 40.79033279 29.50894165
12.842075 -3.606606 40.79032898 29.50894165
13.119868 -3.641695 40.79032898 29.50893784
13.258794 -3.659003 40.79032516 29.50893784
13.536674 -3.693390 40.79032516 29.50893402
13.675549 -3.711107 40.79032516 29.50893402
13.953289 -3.746612 40.79032516 29.50893021
14.092123 -3.764638 40.79032135 29.50893021
14.389680 -3.802848 40.79032135 29.50892639
14.528547 -3.820617 40.79031754 29.50892639
14.786541 -3.852857 40.79031754 29.50892258
14.915594 -3.868515 40.79031754 29.50892258
15.183631 -3.901014 40.79031754 29.50891876
15.312733 -3.916269 40.79031372 29.50891876
15.590893 -3.948313 40.79031372 29.50891495
15.730022 -3.963906 40.79031372 29.50891495
15.998344 -3.993959 40.79031372 29.50891113
16.137501 -4.009305 40.79030991 29.50891113
16.405848 -4.039132 40.79030991 29.50890732
16.535055 -4.053468 40.79030609 29.50890732
16.803398 -4.083336 40.79030609 29.50890350
16.942528 -4.098915 40.79030609 29.50890350
17.230698 -4.131444 40.79030609 29.50889969
17.369802 -4.147259 40.79030228 29.50889969
17.658011 -4.179438 40.79030228 29.50889587
17.797124 -4.195172 40.79029846 29.50889587
18.075445 -4.225785 40.79029846 29.50889206
18.214556 -4.241541 40.79029846 29.50889206
18.482908 -4.271322 40.79029465 29.50888824
18.612116 -4.285651 40.79029465 29.50888824
18.910375 -4.317918 40.79029465 29.50888443
19.049557 -4.333037 40.79029465 29.50888443
19.337950 -4.363518 40.79029465 29.50887871
19.487175 -4.378744 40.79029083 29.50887871
19.765672 -4.407715 40.79029083 29.50887489
19.904919 -4.422224 40.79028702 29.50887489
20.173499 -4.449873 40.79028702 29.50887108
20.312810 -4.463747 40.79028320 29.50887108
20.611428 -4.492508 40.79028320 29.50886536
20.750827 -4.505467 40.79028320 29.50886536
20.999814 -4.527947 40.79028320 29.50886154
21.139278 -4.540187 40.79027939 29.50886154
21.437943 -4.568461 40.79027939 29.50885773
21.587271 -4.582637 40.79027557 29.50885773
21.865825 -4.611040 40.79027557 29.50885391
22.014912 -4.627564 40.79027557 29.50885391
22.303051 -4.660368 40.79027557 29.50885010
22.432276 -4.674536 40.79027176 29.50885010
22.670885 -4.700337 40.79027176 29.50884819
22.820072 -4.715939 40.79027176 29.50884819
23.128235 -4.749635 40.79027176 29.50884438
23.277348 -4.765921 40.79026794 29.50884438
23.565740 -4.796413 40.79026794 29.50883865
23.705016 -4.810632 40.79026413 29.50883865
23.993618 -4.839072 40.79026031 29.50883484
24.132984 -4.852385 40.79026031 29.50883484
24.441611 -4.881529 40.79026031 29.50883102
24.590843 -4.896689 40.79026031 29.50883102
24.879418 -4.925399 40.79026031 29.50882721
25.028726 -4.939786 40.79025650 29.50882721
25.317479 -4.966652 40.79025650 29.50882339
25.446899 -4.978916 40.79025269 29.50882339
25.705588 -5.004995 40.79025269 29.50881958
25.834878 -5.018556 40.79025269 29.50881958
26.103336 -5.047373 40.79024887 29.50881577
26.232589 -5.061290 40.79024887 29.50881577
26.501058 -5.089997 40.79024887 29.50881195
26.620351 -5.103006 40.79024887 29.50881195
26.868903 -5.129877 40.79024887 29.50881004
26.998162 -5.143734 40.79024506 29.50881004
27.236733 -5.169884 40.79024124 29.50880623
27.356047 -5.182696 40.79024124 29.50880623
27.604537 -5.210135 40.79024124 29.50880432
27.733713 -5.224750 40.79024124 29.50880432
27.991595 -5.257850 40.79024124 29.50880051
28.120277 -5.276316 40.79023743 29.50880051
28.367588 -5.312886 40.79023743 29.50879669
28.496233 -5.331603 40.79023743 29.50879669
28.753564 -5.368766 40.79023743 29.50879478
28.882254 -5.387169 40.79023361 29.50879478
29.129747 -5.422483 40.79023361 29.50879097
29.258494 -5.440491 40.79022980 29.50879097
29.516048 -5.476073 40.79022980 29.50878716
29.654730 -5.495234 40.79022980 29.50878716
29.912385 -5.530079 40.79022980 29.50878525
30.031346 -5.545832 40.79022598 29.50878525
30.279277 -5.577929 40.79022598 29.50878143
30.398326 -5.593011 40.79022598 29.50878143
30.636503 -5.622534 40.79022598 29.50877953
30.745703 -5.635777 40.79022217 29.50877953
31.003874 -5.666561 40.79022217 29.50877762
31.123031 -5.680760 40.79022217 29.50877762
31.381219 -5.711402 40.79022217 29.50877380
31.520273 -5.727648 40.79021835 29.50877380
31.768519 -5.757212 40.79021835 29.50877190
31.897590 -5.772724 40.79021835 29.50877190
32.155823 -5.802983 40.79021454 29.50876808
32.284983 -5.817741 40.79021454 29.50876808
32.543382 -5.846546 40.79021454 29.50876427
32.682472 -5.862479 40.79021454 29.50876427
32.930499 -5.893821 40.79021454 29.50876045
33.069325 -5.911916 40.79021072 29.50876045
33.347029 -5.947696 40.79021072 29.50875664
33.485893 -5.965502 40.79021072 29.50875664
33.753679 -6.000001 40.79021072 29.50875282
33.892532 -6.017888 40.79020691 29.50875282
34.170308 -6.053110 40.79020691 29.50874901
34.299296 -6.069294 40.79020691 29.50874901
34.577233 -6.103224 40.79020691 29.50874519
34.716189 -6.120286 40.79020309 29.50874519
34.994174 -6.153823 40.79020309 29.50874138
35.143142 -6.171385 40.79020309 29.50874138
35.391495 -6.200033 40.79020309 29.50873947
35.480926 -6.210140 40.79019928 29.50873947
35.600187 -6.223435 40.79019928 29.50873566
35.630005 -6.226729 40.79019928 29.50873566
35.649885 -6.228920 40.79019928 29.50873566
35.649885 -6.228920 40.79019928 29.50873566
35.649885 -6.228920 40.79019928 29.50873375
35.649885 -6.228920 40.79019928 29.50873375
35.649885 -6.228920 40.79019928 29.50873375
35.649885 -6.228920 40.79019928 29.50873375
35.649885 -6.228920 40.79019928 29.50873375
35.649885 -6.228920 40.79019928 29.50873375
35.649885 -6.228920 40.79019928 29.50873566
35.649885 -6.228920 40.79019928 29.50873566
35.649885 -6.228920 40.79019928 29.50873375
35.649885 -6.228920 40.79019928 29.50873375
35.649885 -6.228920 40.79019928 29.50873375
35.649885 -6.228920 40.79019928 29.50873375
35.649885 -6.228920 40.79019928 29.50873566
35.649885 -6.228920 40.79019928 29.50873566
35.649885 -6.228920 40.79019928 29.50873566
35.649885 -6.228920 40.79019928 29.50873566
35.649885 -6.228920 40.79019928 29.50873566
35.649885 -6.228920 40.79019928 29.50873566
35.649885 -6.228920 40.79019928 29.50873566
35.649885 -6.228920 40.79019928 29.50873566
35.649885 -6.228920 40.79019928 29.50873566
35.649885 -6.228920 40.79019928 29.50873566
35.649885 -6.228920 40.79019928 29.50873566
35.649885 -6.228920 40.79019928 29.50873566
35.649885 -6.228920 40.79019928 29.50873566
35.649885 -6.228920 40.79019928 29.50873566
35.649885 -6.228920 40.79019928 29.50873566
35.649885 -6.228920 40.79019928 29.50873566
35.649885 -6.228920 40.79019928 29.50873756
35.649885 -6.228920 40.79019928 29.50873756
35.649885 -6.228920 40.79019928 29.50873756
35.649885 -6.228920 40.79019928 29.50873756
35.649885 -6.228920 40.79019928 29.50873756
35.659828 -6.229989 40.79019928 29.50873756
35.659828 -6.229989 40.79019928 29.50873756
35.659828 -6.229989 40.79019928 29.50873756
35.659828 -6.229989 40.79019928 29.50873756
35.659828 -6.229989 40.79019928 29.50873756
35.659828 -6.229989 40.79019928 29.50873756
35.659828 -6.229989 40.79019928 29.50873756
35.659828 -6.229989 40.79019928 29.50873756
35.659828 -6.229989 40.79019928 29.50873756
35.659828 -6.229989 40.79019928 29.50873756
35.659828 -6.229989 40.79019928 29.50873756
35.659828 -6.229989 40.79019928 29.50873756
35.659828 -6.229989 40.79019928 29.50873756
35.659828 -6.229989 40.79019928 29.50873756
35.659828 -6.229989 40.79019928 29.50873756
35.659828 -6.229989 40.79019928 29.50873756
35.659828 -6.229989 40.79019928 29.50873756
35.659828 -6.229989 40.79019928 29.50873756
35.659828 -6.229989 40.79019928 29.50873756
35.659828 -6.229989 40.79019928 29.50873947
35.659828 -6.229989 40.79019928 29.50873947
35.659828 -6.229989 40.79019928 29.50873756
35.659828 -6.229989 40.79019928 29.50873756
35.659828 -6.229989 40.79019928 29.50873947
35.659828 -6.229989 40.79019928 29.50873947
35.659828 -6.229989 40.79019928 29.50873947
35.659828 -6.229989 40.79019928 29.50873947
35.659828 -6.229989 40.79019928 29.50873947
35.659828 -6.229989 40.79019928 29.50873947
35.659828 -6.229989 40.79019928 29.50873947
35.659828 -6.229989 40.79019928 29.50873947
35.659828 -6.229989 40.79019928 29.50874138
35.659828 -6.229989 40.79019928 29.50874138
35.897854 -5.870904 40.79019928 29.50874138
35.897854 -5.870904 40.79019928 29.50874138
35.897854 -5.870904 40.79019928 29.50874138
35.897854 -5.870904 40.79019928 29.50874138
35.897854 -5.870904 40.79019928 29.50874138
35.897854 -5.870904 40.79019928 29.50874138
35.897854 -5.870904 40.79019928 29.50874138
35.897854 -5.870904 40.79019928 29.50874138
35.897854 -5.870904 40.79019928 29.50874138
35.897854 -5.870904 40.79019928 29.50874138
