4.495482 49.879566 40.79008865 29.50950813
4.495482 49.879566 40.79008865 29.50950813
4.495482 49.879566 40.79008865 29.50950813
4.495482 49.879566 40.79008865 29.50950623
4.495482 49.879566 40.79008865 29.50950623
4.495482 49.879566 40.79008865 29.50950623
4.495482 49.879566 40.79008865 29.50950623
4.495482 49.879566 40.79008865 29.50950623
4.495482 49.879566 40.79008865 29.50950623
4.495482 49.879566 40.79008865 29.50950623
4.495482 49.879566 40.79008865 29.50950623
4.495482 49.879566 40.79008865 29.50950623
4.495482 49.879566 40.79008865 29.50950623
4.495482 49.879566 40.79008865 29.50950623
4.495482 49.879566 40.79008865 29.50950623
4.495482 49.879566 40.79008865 29.50950623
4.495482 49.879566 40.79008865 29.50950623
4.495482 49.879566 40.79008484 29.50950623
4.495482 49.879566 40.79008484 29.50950623
4.495482 49.879566 40.79008484 29.50950623
4.495482 49.879566 40.79008484 29.50950623
4.495482 49.879566 40.79008484 29.50950623
4.495482 49.879566 40.79008484 29.50950623
4.495482 49.879566 40.79008484 29.50950813
4.495482 49.879566 40.79008484 29.50950813
4.495482 49.879566 40.79008484 29.50951004
4.495482 49.879566 40.79008484 29.50951004
4.495482 49.879566 40.79008484 29.50951004
4.495482 49.879566 40.79008484 29.50951004
4.495482 49.879566 40.79008484 29.50951195
4.495482 49.879566 40.79008484 29.50951195
4.503513 49.873607 40.79008484 29.50951195
4.495483 49.879567 40.79008484 29.50951195
4.495483 49.879567 40.79008484 29.50951195
4.495483 49.879567 40.79008484 29.50951195
4.495483 49.879567 40.79008484 29.50951195
4.495483 49.879567 40.79008484 29.50951195
4.495483 49.879567 40.79008484 29.50951195
4.495483 49.879567 40.79008484 29.50951195
4.495483 49.879567 40.79008484 29.50951195
4.495483 49.879567 40.79008484 29.50951195
4.495483 49.879567 40.79008484 29.50951195
4.495483 49.879567 40.79008484 29.50951195
4.495483 49.879567 40.79008484 29.50951385
4.495483 49.879567 40.79008484 29.50951385
4.495483 49.879567 40.79008484 29.50951385
4.495483 49.879567 40.79008484 29.50951385
4.495483 49.879567 40.79008484 29.50951195
4.495483 49.879567 40.79008484 29.50951195
4.495483 49.879567 40.79008484 29.50951195
4.495483 49.879567 40.79008484 29.50951195
4.495483 49.879567 40.79008484 29.50951195
4.495483 49.879567 40.79008484 29.50951195
4.495483 49.879567 40.79008484 29.50951195
4.495483 49.879567 40.79008484 29.50951195
4.495483 49.879567 40.79008484 29.50951385
4.495483 49.879567 40.79008484 29.50951385
4.495483 49.879567 40.79008484 29.50951385
4.495483 49.879567 40.79008484 29.50951385
4.495483 49.879567 40.79008484 29.50951385
4.495483 49.879567 40.79008484 29.50951385
4.495483 49.879567 40.79008484 29.50951385
4.495483 49.879567 40.79008484 29.50951385
4.495483 49.879567 40.79008484 29.50951195
4.495483 49.879567 40.79008484 29.50951195
4.495483 49.879567 40.79008484 29.50951195
4.495483 49.879567 40.79008484 29.50951195
4.495483 49.879567 40.79008484 29.50951195
4.495483 49.879567 40.79008865 29.50951195
4.495483 49.879567 40.79008865 29.50951195
4.495483 49.879567 40.79008865 29.50951195
4.551671 49.837819 40.79008865 29.50951195
4.599884 49.802105 40.79008865 29.50951195
4.736701 49.701204 40.79008865 29.50950813
4.833377 49.630114 40.79008865 29.50950813
5.065360 49.456092 40.79008865 29.50950241
5.169369 49.378103 40.79008865 29.50950241
5.289511 49.288294 40.79008865 29.50949860
5.305538 49.276329 40.79008865 29.50949860
5.289516 49.288300 40.79008865 29.50949860
5.281506 49.294287 40.79008865 29.50949860
5.273497 49.300275 40.79008865 29.50949860
5.265489 49.306264 40.79008865 29.50949860
5.265489 49.306264 40.79008865 29.50950050
5.265489 49.306264 40.79008865 29.50950050
5.265489 49.306264 40.79008865 29.50950050
5.265489 49.306264 40.79008865 29.50950050
5.273491 49.300267 40.79008865 29.50950050
5.305522 49.276309 40.79008865 29.50950050
5.417746 49.192607 40.79008865 29.50950050
5.490007 49.138958 40.79008865 29.50950050
5.674873 49.002120 40.79008865 29.50949669
5.778835 48.924070 40.79008865 29.50949669
6.018500 48.743624 40.79008865 29.50949097
6.160415 48.632899 40.79008865 29.50949097
6.455784 48.378326 40.79008865 29.50948334
6.606964 48.232571 40.79008865 29.50948334
6.891972 47.924193 40.79008865 29.50947571
7.037156 47.745806 40.79008865 29.50947571
7.298235 47.379406 40.79008865 29.50946808
7.429230 47.166473 40.79008865 29.50946808
7.677056 46.686887 40.79008865 29.50945854
7.786551 46.429184 40.79009247 29.50945854
7.963332 45.898049 40.79009247 29.50944901
8.035686 45.596611 40.79009628 29.50944901
8.133611 44.903850 40.79009628 29.50943947
8.149218 44.564208 40.79010010 29.50943947
8.107250 43.835869 40.79010010 29.50942993
8.044228 43.450995 40.79010773 29.50942993
7.841448 42.708662 40.79010773 29.50942230
7.698027 42.345990 40.79011536 29.50942230
7.335452 41.610687 40.79011536 29.50941658
7.147091 41.292222 40.79012680 29.50941658
6.783297 40.729612 40.79012680 29.50941277
6.592010 40.436508 40.79013443 29.50941277
6.241172 39.925390 40.79013443 29.50941086
6.095423 39.734714 40.79014206 29.50941086
5.822787 39.415283 40.79014206 29.50941086
5.702348 39.281513 40.79014969 29.50941086
5.494857 39.051193 40.79014969 29.50941086
5.414839 38.961766 40.79015350 29.50941086
5.268429 38.797559 40.79015350 29.50941086
5.201986 38.722824 40.79015732 29.50941086
5.055202 38.558951 40.79015732 29.50941086
4.981997 38.476847 40.79016113 29.50941086
4.835280 38.312915 40.79016113 29.50941086
4.741811 38.208686 40.79016113 29.50941086
4.520608 37.963800 40.79016113 29.50941277
4.387194 37.814801 40.79016876 29.50941277
4.075444 37.463075 40.79016876 29.50941086
3.902850 37.268624 40.79017258 29.50941086
3.517487 36.835157 40.79017258 29.50941086
3.326336 36.617071 40.79018021 29.50941086
2.860464 36.081289 40.79018021 29.50941086
2.625525 35.808519 40.79018784 29.50940895
2.230624 35.343598 40.79018784 29.50940895
2.044559 35.121158 40.79019547 29.50940895
1.704337 34.714777 40.79019547 29.50940514
1.555621 34.539324 40.79019928 29.50940514
1.292214 34.238303 40.79019928 29.50940323
1.179945 34.110649 40.79020309 29.50940323
0.988902 33.892468 40.79020309 29.50939941
0.909761 33.802264 40.79020691 29.50939941
0.764795 33.636781 40.79021072 29.50939941
0.692312 33.554039 40.79021072 29.50939941
0.482347 33.312555 40.79021072 29.50939751
0.351750 33.161081 40.79021454 29.50939751
0.040253 32.795884 40.79021454 29.50939751
-0.120740 32.604622 40.79021835 29.50939751
-0.491368 32.158491 40.79021835 29.50939560
-0.706616 31.895302 40.79022598 29.50939560
-1.145679 31.363042 40.79022598 29.50939560
-1.376072 31.086421 40.79023743 29.50939560
-1.907456 30.435866 40.79024506 29.50939178
-2.153745 30.120681 40.79024506 29.50939178
-2.571544 29.571553 40.79024506 29.50938797
-2.768512 29.306783 40.79025650 29.50938797
-3.099430 28.855023 40.79025650 29.50938606
-3.230935 28.666326 40.79026031 29.50938606
-3.455356 28.335215 40.79026413 29.50938416
-3.575453 28.150887 40.79026413 29.50938416
-3.818059 27.736782 40.79026413 29.50938034
-3.941895 27.496855 40.79027176 29.50938034
-4.173346 27.008982 40.79027176 29.50937653
-4.280126 26.771921 40.79027939 29.50937653
-4.511515 26.218352 40.79027939 29.50937271
-4.635034 25.912341 40.79028320 29.50937271
-4.861223 25.313698 40.79028320 29.50936890
-4.972304 24.992356 40.79029083 29.50936890
-5.163199 24.413006 40.79029083 29.50936317
-5.237613 24.174337 40.79029846 29.50936317
-5.364374 23.752999 40.79029846 29.50935936
-5.434520 23.513041 40.79030228 29.50935936
-5.575106 23.022802 40.79030228 29.50935745
-5.650715 22.753204 40.79030991 29.50935745
-5.816963 22.124825 40.79030991 29.50935173
-5.904378 21.785917 40.79031754 29.50935173
-6.077948 21.097462 40.79031754 29.50934410
-6.167893 20.728261 40.79032516 29.50934410
-6.328929 20.036771 40.79033279 29.50933838
-6.392191 19.753755 40.79033279 29.50933838
-6.514186 19.196964 40.79033279 29.50933075
-6.582773 18.874170 40.79034042 29.50933075
-6.727843 18.168938 40.79034042 29.50932503
-6.799856 17.806014 40.79034424 29.50932503
-6.932934 17.108599 40.79035187 29.50931740
-6.994804 16.774275 40.79035187 29.50931740
-7.093308 16.223008 40.79035187 29.50931168
-7.137866 15.966854 40.79035950 29.50931168
-7.234911 15.395032 40.79035950 29.50930595
-7.283311 15.098962 40.79036331 29.50930595
-7.374197 14.526127 40.79037094 29.50930023
-7.418910 14.239595 40.79037094 29.50930023
-7.509044 13.636292 40.79037094 29.50929451
-7.553421 13.329484 40.79037476 29.50929451
-7.623460 12.824317 40.79037476 29.50928688
-7.654046 12.596360 40.79038239 29.50928688
-7.722241 12.070767 40.79038239 29.50928116
-7.760340 11.763117 40.79038620 29.50928116
-7.835533 11.127550 40.79038620 29.50927544
-7.866422 10.859323 40.79039383 29.50927544
-7.941489 10.324594 40.79039383 29.50926781
-7.981580 10.077829 40.79039764 29.50926781
-8.068268 9.636283 40.79039764 29.50926208
-8.113021 9.431107 40.79040146 29.50926208
-8.202620 9.061829 40.79040146 29.50925827
-8.251167 8.867811 40.79040909 29.50925827
-8.345505 8.489393 40.79040909 29.50925446
-8.393738 8.295296 40.79041290 29.50925446
-8.483745 7.926110 40.79041290 29.50925064
-8.527897 7.741311 40.79041672 29.50925064
-8.607950 7.400589 40.79041672 29.50924683
-8.646129 7.234932 40.79042053 29.50924683
-8.719964 6.923571 40.79042053 29.50924301
-8.758871 6.768374 40.79042435 29.50924301
-8.838206 6.448052 40.79042435 29.50924110
-8.878496 6.282896 40.79042816 29.50924110
-8.953278 5.971757 40.79042816 29.50923729
-8.990197 5.816074 40.79043198 29.50923729
-9.058350 5.523918 40.79043198 29.50923347
-9.091250 5.377571 40.79043579 29.50923347
-9.160690 5.054962 40.79043579 29.50922966
-9.194229 4.888304 40.79043579 29.50922966
-9.250069 4.563076 40.79043579 29.50922585
-9.274014 4.394771 40.79043961 29.50922585
-9.311699 4.056891 40.79043961 29.50922203
-9.323650 3.907368 40.79044342 29.50922203
-9.339719 3.567771 40.79044342 29.50921822
-9.339066 3.377772 40.79044342 29.50921822
-9.301545 2.889364 40.79044342 29.50921249
-9.255801 2.602995 40.79044724 29.50921249
-9.091881 1.984726 40.79044724 29.50920296
-8.985247 1.693644 40.79045105 29.50920296
-8.725164 1.142142 40.79045486 29.50919342
-8.590083 0.908362 40.79045486 29.50919342
-8.333502 0.526698 40.79045486 29.50918579
-8.206542 0.359422 40.79045486 29.50918579
-7.860946 -0.028854 40.79045486 29.50917625
-7.643099 -0.235112 40.79045486 29.50917625
-7.155477 -0.617529 40.79045486 29.50916672
-6.889831 -0.795944 40.79045105 29.50916672
-6.400212 -1.106863 40.79045105 29.50915718
-6.188264 -1.239445 40.79045105 29.50915718
-5.797199 -1.481660 40.79045105 29.50914764
-5.625660 -1.584491 40.79044724 29.50914764
-5.310642 -1.758679 40.79044724 29.50914192
-5.150485 -1.840835 40.79044724 29.50914192
-4.855660 -1.989085 40.79044724 29.50913620
-4.721440 -2.056054 40.79044724 29.50913620
-4.451836 -2.187626 40.79044724 29.50913048
-4.315758 -2.250736 40.79044342 29.50913048
-4.070026 -2.362610 40.79044342 29.50912666
-3.951492 -2.415992 40.79044342 29.50912666
-3.713364 -2.520369 40.79044342 29.50912285
-3.594122 -2.572152 40.79044342 29.50912285
-3.364418 -2.670822 40.79044342 29.50911903
-3.244215 -2.720332 40.79043961 29.50911903
-2.982087 -2.818714 40.79043961 29.50911522
-2.849739 -2.864365 40.79043961 29.50911522
-2.573086 -2.951307 40.79043961 29.50911140
-2.429414 -2.994416 40.79043579 29.50911140
-2.161018 -3.074186 40.79043579 29.50910759
-2.017121 -3.116537 40.79043198 29.50910759
-1.729075 -3.200379 40.79043198 29.50910187
-1.584926 -3.241864 40.79043198 29.50910187
-1.286382 -3.325347 40.79042816 29.50909805
-1.141089 -3.362628 40.79042816 29.50909805
-0.830417 -3.439330 40.79042816 29.50909424
-0.713692 -3.467172 40.79042816 29.50909424
-0.518632 -3.511345 40.79042816 29.50909042
-0.430671 -3.530397 40.79042435 29.50909042
-0.332835 -3.551087 40.79042435 29.50908852
-0.303479 -3.557270 40.79042435 29.50908852
-0.283907 -3.561385 40.79042435 29.50908661
-0.283907 -3.561385 40.79042435 29.50908661
-0.283907 -3.561385 40.79042435 29.50908661
-0.283907 -3.561385 40.79042435 29.50908661
-0.283907 -3.561385 40.79042435 29.50908661
-0.283907 -3.561385 40.79042435 29.50908661
-0.283907 -3.561385 40.79042435 29.50908661
-0.283907 -3.561385 40.79042435 29.50908661
-0.283907 -3.561385 40.79042435 29.50908661
-0.283907 -3.561385 40.79042435 29.50908661
-0.283907 -3.561385 40.79042435 29.50908661
-0.274123 -3.563449 40.79042435 29.50908661
-0.274123 -3.563449 40.79042435 29.50908661
-0.274123 -3.563449 40.79042435 29.50908661
-0.274123 -3.563449 40.79042435 29.50908852
-0.274123 -3.563449 40.79042435 29.50908852
-0.274123 -3.563449 40.79042435 29.50909042
-0.274123 -3.563449 40.79042435 29.50909042
-0.274123 -3.563449 40.79042435 29.50909233
-0.274123 -3.563449 40.79042435 29.50909233
-0.274123 -3.563449 40.79042435 29.50909233
-0.274123 -3.563449 40.79042053 29.50909233
-0.274123 -3.563449 40.79042053 29.50909424
-0.274123 -3.563449 40.79042053 29.50909424
-0.274123 -3.563449 40.79042053 29.50909424
-0.274123 -3.563449 40.79042053 29.50909424
-0.274123 -3.563449 40.79042053 29.50909615
-0.274123 -3.563449 40.79042053 29.50909615
-0.274123 -3.563449 40.79042053 29.50909615
-0.274123 -3.563449 40.79042053 29.50909615
-0.274123 -3.563449 40.79042053 29.50909615
-0.274123 -3.563449 40.79042053 29.50909615
-0.274123 -3.563449 40.79042053 29.50909805
-0.274123 -3.563449 40.79042053 29.50909805
-0.274123 -3.563449 40.79042053 29.50909805
-0.274123 -3.563449 40.79042053 29.50909805
-0.274123 -3.563449 40.79042053 29.50909996
-0.274123 -3.563449 40.79042053 29.50909996
-0.274123 -3.563449 40.79042053 29.50909996
-0.274123 -3.563449 40.79042053 29.50909996
-0.274123 -3.563449 40.79042053 29.50909996
-0.274123 -3.563449 40.79041672 29.50909996
-0.274123 -3.563449 40.79041672 29.50909996
-0.274123 -3.563449 40.79041672 29.50909996
-0.274123 -3.563449 40.79041672 29.50909996
-0.274123 -3.563449 40.79041672 29.50909996
-0.274123 -3.563449 40.79041672 29.50909996
-0.274123 -3.563449 40.79041672 29.50909996
-0.274123 -3.563449 40.79041672 29.50909996
-0.274123 -3.563449 40.79041672 29.50909996
-0.274123 -3.563449 40.79041672 29.50909805
-0.274123 -3.563449 40.79041672 29.50909805
-0.274123 -3.563449 40.79041672 29.50909805
-0.274123 -3.563449 40.79041672 29.50909805
-0.274123 -3.563449 40.79041672 29.50909615
-0.274123 -3.563449 40.79041672 29.50909615
-0.274123 -3.563449 40.79041672 29.50909424
-0.274123 -3.563449 40.79041672 29.50909424
-0.274123 -3.563449 40.79041672 29.50909424
-0.274123 -3.563449 40.79041672 29.50909424
-0.274123 -3.563449 40.79041672 29.50909233
-0.274123 -3.563449 40.79041672 29.50909233
-0.274123 -3.563449 40.79041672 29.50909233
-0.274123 -3.563449 40.79041672 29.50909233
-0.274123 -3.563449 40.79041672 29.50909042
-0.274123 -3.563449 40.79041672 29.50909042
-0.274123 -3.563449 40.79041672 29.50909042
-0.274123 -3.563449 40.79041672 29.50909042
-0.274123 -3.563449 40.79041672 29.50908852
-0.274123 -3.563449 40.79041672 29.50908852
-0.274123 -3.563449 40.79041672 29.50908661
-0.274123 -3.563449 40.79041672 29.50908661
-0.274123 -3.563449 40.79041672 29.50908470
-0.274123 -3.563449 40.79041672 29.50908470
-0.274123 -3.563449 40.79041672 29.50908470
-0.274123 -3.563449 40.79041672 29.50908470
-0.274123 -3.563449 40.79041672 29.50908279
-0.274123 -3.563449 40.79041672 29.50908279
-0.274123 -3.563449 40.79041672 29.50908279
-0.274123 -3.563449 40.79041672 29.50908279
-0.274123 -3.563449 40.79041672 29.50908279
-0.274123 -3.563449 40.79041672 29.50908279
-0.274123 -3.563449 40.79041672 29.50908279
-0.274123 -3.563449 40.79041672 29.50908279
-0.274123 -3.563449 40.79041672 29.50908279
-0.274123 -3.563449 40.79041672 29.50908279
-0.274123 -3.563449 40.79041672 29.50908279
-0.274123 -3.563449 40.79041672 29.50908279
-0.274123 -3.563449 40.79041672 29.50908279
-0.274123 -3.563449 40.79041672 29.50908279
-0.274123 -3.563449 40.79042053 29.50908279
-0.274123 -3.563449 40.79042053 29.50908279
-0.274123 -3.563449 40.79042053 29.50908279
-0.274123 -3.563449 40.79042053 29.50908279
-0.274123 -3.563449 40.79042053 29.50908279
-0.274123 -3.563449 40.79042053 29.50908279
-0.274123 -3.563449 40.79042053 29.50908279
-0.274123 -3.563449 40.79042053 29.50908279
-0.274123 -3.563449 40.79042053 29.50908279
-0.274123 -3.563449 40.79042053 29.50908279
-0.014390 -2.426276 40.79042053 29.50908279
-0.014390 -2.426276 40.79042053 29.50908279
-0.014390 -2.426276 40.79042053 29.50908279
-0.014390 -2.426276 40.79042053 29.50908279
-0.014390 -2.426276 40.79042053 29.50908279
-0.014390 -2.426276 40.79042053 29.50908279
-0.014390 -2.426276 40.79042053 29.50908279
-0.014390 -2.426276 40.79042053 29.50908279
-0.014390 -2.426276 40.79042053 29.50908279
-0.014390 -2.426276 40.79042053 29.50908279
-0.014390 -2.426276 40.79042053 29.50908279
-0.014390 -2.426276 40.79042053 29.50908279
-1.528426 -2.188342 40.79042053 29.50908279
-1.528426 -2.188342 40.79042053 29.50908279
-1.528426 -2.188342 40.79042053 29.50908470
-1.528426 -2.188342 40.79042053 29.50908470
-1.528426 -2.188342 40.79042053 29.50908470
-1.528426 -2.188342 40.79042053 29.50908470
-1.528426 -2.188342 40.79042053 29.50908279
-1.528426 -2.188342 40.79042053 29.50908279
-1.528426 -2.188342 40.79042053 29.50908089
-1.528426 -2.188342 40.79042053 29.50908089
-2.999772 -1.853806 40.79042053 29.50908089
-2.999772 -1.853806 40.79042053 29.50908089
-2.999772 -1.853806 40.79042053 29.50907898
-2.999772 -1.853806 40.79042053 29.50907898
-2.999772 -1.853806 40.79042053 29.50907898
-2.999772 -1.853806 40.79042053 29.50907898
-2.999772 -1.853806 40.79042053 29.50907707
-2.999772 -1.853806 40.79042053 29.50907707
-2.999772 -1.853806 40.79041672 29.50907707
-2.999772 -1.853806 40.79041672 29.50907707
-2.999772 -1.853806 40.79041672 29.50907516
-2.999772 -1.853806 40.79041672 29.50907516
-2.999772 -1.853806 40.79041672 29.50907516
-2.999772 -1.853806 40.79041672 29.50907516
-2.999772 -1.853806 40.79041672 29.50907516
-2.999772 -1.853806 40.79041672 29.50907516
-2.999772 -1.853806 40.79041672 29.50907516
-2.999772 -1.853806 40.79041672 29.50907516
-2.999772 -1.853806 40.79041672 29.50907326
-2.999772 -1.853806 40.79041672 29.50907326
-2.999772 -1.853806 40.79041672 29.50907326
-2.999772 -1.853806 40.79041672 29.50907326
-2.999772 -1.853806 40.79041672 29.50907326
-2.999772 -1.853806 40.79041672 29.50907326
-2.999772 -1.853806 40.79041672 29.50907135
-2.999772 -1.853806 40.79041672 29.50907135
-2.999772 -1.853806 40.79041672 29.50907135
-2.999772 -1.853806 40.79041672 29.50907135
-2.999772 -1.853806 40.79042053 29.50907135
-3.036446 -1.826425 40.79042053 29.50907135
-3.036446 -1.826425 40.79042053 29.50906944
-3.036446 -1.826425 40.79042053 29.50906944
-3.036446 -1.826425 40.79042053 29.50906944
-3.036446 -1.826425 40.79042053 29.50906944
-3.036446 -1.826425 40.79042053 29.50906754
-3.036446 -1.826425 40.79042053 29.50906754
-3.036446 -1.826425 40.79042053 29.50906754
-3.036446 -1.826425 40.79042053 29.50906754
-3.036446 -1.826425 40.79042053 29.50906754
-3.036446 -1.826425 40.79042053 29.50906754
-3.036446 -1.826425 40.79042053 29.50906754
-3.036446 -1.826425 40.79042053 29.50906754
-3.036446 -1.826425 40.79042053 29.50906754
-3.036446 -1.826425 40.79042053 29.50906754
-3.036446 -1.826425 40.79042053 29.50906754
-3.036446 -1.826425 40.79042053 29.50906754
-3.036446 -1.826425 40.79042053 29.50906754
-3.036446 -1.826425 40.79042053 29.50906754
-3.036446 -1.826425 40.79042053 29.50906754
-3.036446 -1.826425 40.79042053 29.50906754
-3.036446 -1.826425 40.79042053 29.50906944
-3.036446 -1.826425 40.79042053 29.50906944
-3.036446 -1.826425 40.79042053 29.50906944
-2.968545 -1.730399 40.79042053 29.50906944
-2.968545 -1.730399 40.79042053 29.50906944
-2.968545 -1.730399 40.79042053 29.50906944
-2.968545 -1.730399 40.79042053 29.50906944
-2.968545 -1.730399 40.79042053 29.50906944
-2.968545 -1.730399 40.79042053 29.50906944
-2.968545 -1.730399 40.79042053 29.50906944
-2.968545 -1.730399 40.79042053 29.50906944
-2.968545 -1.730399 40.79042053 29.50906944
-2.968545 -1.730399 40.79042053 29.50906944
-2.968545 -1.730399 40.79041672 29.50906944
-2.968545 -1.730399 40.79042053 29.50906944
-2.968545 -1.730399 40.79042053 29.50906944
-2.968545 -1.730399 40.79042053 29.50906944
-2.968545 -1.730399 40.79041672 29.50906944
-2.968545 -1.730399 40.79041672 29.50907135
-2.968545 -1.730399 40.79041672 29.50907135
-2.968545 -1.730399 40.79041672 29.50907135
-2.968545 -1.730399 40.79041672 29.50907135
-2.968545 -1.730399 40.79041672 29.50907135
-2.968545 -1.730399 40.79041672 29.50907135
-2.968545 -1.730399 40.79041672 29.50907135
-2.968545 -1.730399 40.79041672 29.50907135
-2.968545 -1.730399 40.79041672 29.50906944
-3.006951 -1.635368 40.79041672 29.50906944
-3.006951 -1.635368 40.79041672 29.50906944
-3.006951 -1.635368 40.79041672 29.50906944
-3.006951 -1.635368 40.79041672 29.50906944
-3.006951 -1.635368 40.79041672 29.50906944
-3.006951 -1.635368 40.79041672 29.50906944
-3.006951 -1.635368 40.79041672 29.50906944
-3.006951 -1.635368 40.79041672 29.50906944
-3.006951 -1.635368 40.79041672 29.50906944
-3.006951 -1.635368 40.79041672 29.50906944
-3.006951 -1.635368 40.79041672 29.50906944
-3.006951 -1.635368 40.79041672 29.50906944
-3.006951 -1.635368 40.79041672 29.50906944
-3.006951 -1.635368 40.79042053 29.50907135
-3.006951 -1.635368 40.79042053 29.50907135
-2.956353 -1.551163 40.79042053 29.50907135
-2.956353 -1.551163 40.79042053 29.50907135
-2.956353 -1.551163 40.79042053 29.50907135
-2.956353 -1.551163 40.79042053 29.50907135
-2.956353 -1.551163 40.79042053 29.50907135
-2.956353 -1.551163 40.79042053 29.50907135
-2.956353 -1.551163 40.79042053 29.50907135
-2.956353 -1.551163 40.79042053 29.50907135
-2.956353 -1.551163 40.79042053 29.50907135
-2.956353 -1.551163 40.79042053 29.50907135
-2.956353 -1.551163 40.79042053 29.50907135
-2.956353 -1.551163 40.79042053 29.50907135
-2.956353 -1.551163 40.79042053 29.50907135
-2.956353 -1.551163 40.79042053 29.50907135
-2.956353 -1.551163 40.79042053 29.50907135
-2.956353 -1.551163 40.79042053 29.50907135
-2.956353 -1.551163 40.79042053 29.50907135
-2.976354 -1.505607 40.79042053 29.50907135
-2.976354 -1.505607 40.79042053 29.50907326
-2.976354 -1.505607 40.79042053 29.50907326
-2.976354 -1.505607 40.79042053 29.50907326
-2.976354 -1.505607 40.79042053 29.50907326
-2.976354 -1.505607 40.79042053 29.50907326
-2.976354 -1.505607 40.79042053 29.50907326
-2.976354 -1.505607 40.79042053 29.50907326
-2.976354 -1.505607 40.79042053 29.50907326
-2.976354 -1.505607 40.79042053 29.50907326
-2.976354 -1.505607 40.79042053 29.50907326
-2.976354 -1.505607 40.79042053 29.50907326
-2.976354 -1.505607 40.79042053 29.50907326
-2.976354 -1.505607 40.79042053 29.50907516
-2.976354 -1.505607 40.79042053 29.50907516
-2.976354 -1.505607 40.79042053 29.50907516
-2.976354 -1.505607 40.79042435 29.50907516
-2.976354 -1.505607 40.79042435 29.50907516
-2.976354 -1.505607 40.79042435 29.50907516
-2.976354 -1.505607 40.79042435 29.50907516
-2.976354 -1.505607 40.79042435 29.50907516
-2.976354 -1.505607 40.79042435 29.50907516
-2.976354 -1.505607 40.79042435 29.50907516
-2.976354 -1.505607 40.79042435 29.50907707
-2.976354 -1.505607 40.79042435 29.50907707
-2.976354 -1.505607 40.79042435 29.50907707
-2.976354 -1.505607 40.79042435 29.50907707
-2.976354 -1.505607 40.79042435 29.50907707
-2.976354 -1.505607 40.79042435 29.50907707
-2.976354 -1.505607 40.79042435 29.50907707
-2.976354 -1.505607 40.79042435 29.50907707
-2.976354 -1.505607 40.79042435 29.50907707
-2.976354 -1.505607 40.79042435 29.50907707
-2.976354 -1.505607 40.79042435 29.50907707
-2.976354 -1.505607 40.79042435 29.50907707
-2.976354 -1.505607 40.79042435 29.50907707
-2.976354 -1.505607 40.79042435 29.50907707
-2.976354 -1.505607 40.79042435 29.50907898
-2.976354 -1.505607 40.79042435 29.50907898
-2.976354 -1.505607 40.79042435 29.50907898
-2.976354 -1.505607 40.79042435 29.50907898
-2.976354 -1.505607 40.79042435 29.50907898
-2.976354 -1.505607 40.79042435 29.50907898
-2.976354 -1.505607 40.79042435 29.50907898
-2.976354 -1.505607 40.79042435 29.50907898
-2.976354 -1.505607 40.79042435 29.50907898
-2.976354 -1.505607 40.79042435 29.50907898
-2.976354 -1.505607 40.79042053 29.50907898
-2.976354 -1.505607 40.79042053 29.50907898
-2.976354 -1.505607 40.79042053 29.50908089
-2.976354 -1.505607 40.79042053 29.50908089
-2.976354 -1.505607 40.79042053 29.50908089
-2.976354 -1.505607 40.79042053 29.50908089
-2.976354 -1.505607 40.79042435 29.50908279
-2.976354 -1.505607 40.79042435 29.50908279
-2.976354 -1.505607 40.79042435 29.50908279
-2.976354 -1.505607 40.79042435 29.50908279
-2.976354 -1.505607 40.79042435 29.50908470
-2.976354 -1.505607 40.79042435 29.50908470
-2.976354 -1.505607 40.79042435 29.50908470
-2.976354 -1.505607 40.79042435 29.50908470
-2.976354 -1.505607 40.79042435 29.50908661
-2.976354 -1.505607 40.79042435 29.50908661
