34.536995 -9.593311 40.79020309 29.50873947
34.536995 -9.593311 40.79020309 29.50873947
34.536995 -9.593311 40.79020309 29.50874138
34.536995 -9.593311 40.79020309 29.50874138
34.536995 -9.593311 40.79020309 29.50874138
34.536995 -9.593311 40.79020309 29.50874138
34.576577 -9.599075 40.79020309 29.50874138
34.626063 -9.606229 40.79020309 29.50874138
34.794366 -9.630186 40.79020309 29.50874138
34.893401 -9.644046 40.79020309 29.50874138
35.141094 -9.677933 40.79020309 29.50873947
35.260030 -9.693879 40.79019928 29.50873947
35.527749 -9.728899 40.79019928 29.50873566
35.666625 -9.746599 40.79019928 29.50873566
35.964356 -9.783427 40.79019928 29.50873184
36.113285 -9.801317 40.79019547 29.50873184
36.411275 -9.835985 40.79019547 29.50872803
36.560269 -9.853330 40.79019165 29.50872803
36.868280 -9.888394 40.79019165 29.50872421
37.007346 -9.904533 40.79019165 29.50872421
37.305373 -9.938884 40.79019165 29.50872040
37.454344 -9.956420 40.79018784 29.50872040
37.762208 -9.992748 40.79018784 29.50871849
37.921099 -10.011549 40.79018402 29.50871849
38.228731 -10.049764 40.79018021 29.50871277
38.377391 -10.069764 40.79018021 29.50871277
38.664174 -10.112833 40.79018021 29.50871086
38.822315 -10.137147 40.79018021 29.50871086
39.128664 -10.184583 40.79018021 29.50870705
39.296766 -10.209918 40.79017639 29.50870705
39.633144 -10.259415 40.79017639 29.50870323
39.801223 -10.284897 40.79017639 29.50870323
40.137455 -10.335373 40.79017639 29.50869942
40.305669 -10.359950 40.79017258 29.50869942
40.632080 -10.408474 40.79016876 29.50869560
40.790187 -10.433014 40.79016876 29.50869560
41.126114 -10.485470 40.79016876 29.50869179
41.294007 -10.512155 40.79016876 29.50869179
41.619899 -10.564057 40.79016876 29.50868607
41.787763 -10.590920 40.79016495 29.50868607
42.113593 -10.643206 40.79016495 29.50868225
42.261255 -10.669587 40.79016113 29.50868225
42.544992 -10.729484 40.79016113 29.50867844
42.701047 -10.764794 40.79015732 29.50867844
43.032891 -10.838819 40.79015732 29.50867462
43.189170 -10.873123 40.79015732 29.50867462
43.511778 -10.942580 40.79015732 29.50867081
43.668315 -10.975688 40.79015350 29.50867081
43.971831 -11.038759 40.79015350 29.50866699
44.128598 -11.070758 40.79015350 29.50866699
44.442350 -11.133682 40.79014969 29.50866318
44.589523 -11.162666 40.79014969 29.50866318
44.903510 -11.224411 40.79014969 29.50865936
45.050791 -11.252842 40.79014969 29.50865936
45.355372 -11.310550 40.79014969 29.50865555
45.512674 -11.339809 40.79014587 29.50865555
45.807795 -11.393692 40.79014587 29.50864983
45.965290 -11.421892 40.79014587 29.50864983
46.250315 -11.475366 40.79014587 29.50864601
46.407329 -11.506131 40.79014206 29.50864601
46.700550 -11.569511 40.79014206 29.50864410
46.837011 -11.600790 40.79013824 29.50864410
47.128458 -11.671907 40.79013824 29.50864029
47.274129 -11.707686 40.79013824 29.50864029
47.555987 -11.775920 40.79013824 29.50863647
47.701893 -11.810725 40.79013443 29.50863647
47.993957 -11.879271 40.79013443 29.50863266
48.149862 -11.915236 40.79013443 29.50863266
48.442396 -11.981750 40.79013443 29.50862694
48.588768 -12.014538 40.79013062 29.50862694
48.901288 -12.083322 40.79013062 29.50862312
49.038115 -12.112961 40.79013062 29.50862312
49.331539 -12.175426 40.79013062 29.50861740
49.478357 -12.206161 40.79012680 29.50861740
49.772205 -12.266603 40.79012680 29.50861359
49.929045 -12.298244 40.79012680 29.50861359
50.233116 -12.358583 40.79012299 29.50860786
50.380365 -12.387180 40.79012299 29.50860786
50.695049 -12.445229 40.79012299 29.50860405
50.863011 -12.471477 40.79011917 29.50860405
51.170180 -12.513258 40.79011917 29.50860023
51.308999 -12.531404 40.79011917 29.50860023
51.556976 -12.563148 40.79011917 29.50859833
51.596655 -12.568201 40.79011536 29.50859833
51.487556 -12.554151 40.79011536 29.50859833
51.477637 -12.552883 40.79011536 29.50859833
51.497476 -12.555417 40.79011536 29.50860023
51.507396 -12.556682 40.79011536 29.50860023
51.507396 -12.556682 40.79011154 29.50860023
51.507396 -12.556682 40.79011154 29.50860023
51.507396 -12.556682 40.79011154 29.50860023
51.507396 -12.556682 40.79011154 29.50860023
51.507396 -12.556682 40.79011154 29.50860023
51.507396 -12.556682 40.79011154 29.50860023
51.507396 -12.556682 40.79011154 29.50860023
51.507396 -12.556682 40.79011154 29.50860023
51.507396 -12.556682 40.79011154 29.50860023
51.507396 -12.556682 40.79011154 29.50860023
51.507396 -12.556682 40.79011154 29.50860023
51.507396 -12.556682 40.79011154 29.50860023
51.507396 -12.556682 40.79011154 29.50860023
51.507396 -12.556682 40.79011154 29.50860023
51.507396 -12.556682 40.79011154 29.50860023
51.507396 -12.556682 40.79011154 29.50860023
51.507396 -12.556682 40.79011154 29.50860023
51.507396 -12.556682 40.79011154 29.50860023
51.507396 -12.556682 40.79011154 29.50860214
51.507396 -12.556682 40.79010773 29.50860214
51.507396 -12.556682 40.79010773 29.50860214
51.507396 -12.556682 40.79010773 29.50860214
51.507396 -12.556682 40.79010773 29.50860405
51.507396 -12.556682 40.79010773 29.50860405
51.507396 -12.556682 40.79010773 29.50860405
51.507396 -12.556682 40.79010773 29.50860405
51.507396 -12.556682 40.79010773 29.50860405
51.507396 -12.556682 40.79010773 29.50860405
51.507396 -12.556682 40.79010773 29.50860596
51.507396 -12.556682 40.79010773 29.50860596
51.507396 -12.556682 40.79010773 29.50860596
51.507396 -12.556682 40.79010773 29.50860596
51.428015 -12.546744 40.79010773 29.50860596
51.338724 -12.535472 40.79010773 29.50860596
51.100616 -12.505397 40.79010773 29.50860786
50.941898 -12.485182 40.79010773 29.50860786
50.574922 -12.437971 40.79010773 29.50861168
50.356760 -12.409594 40.79011154 29.50861168
49.861053 -12.344215 40.79011154 29.50861740
49.583522 -12.307114 40.79011154 29.50861740
49.008798 -12.229063 40.79011536 29.50862694
48.701706 -12.186704 40.79011536 29.50862694
47.988684 -12.086707 40.79011536 29.50863457
47.622397 -12.034420 40.79012299 29.50863457
46.870350 -11.924764 40.79012299 29.50864410
46.454942 -11.862822 40.79012680 29.50864410
45.615809 -11.727495 40.79013443 29.50865555
45.192032 -11.654601 40.79013443 29.50865555
44.315938 -11.497898 40.79013443 29.50866508
43.932379 -11.427308 40.79014206 29.50866508
43.244360 -11.298355 40.79014206 29.50867462
42.930042 -11.238319 40.79014969 29.50867462
42.400587 -11.132145 40.79015350 29.50868225
42.165480 -11.083930 40.79015350 29.50868225
41.646503 -10.976399 40.79015350 29.50868797
41.343082 -10.912874 40.79015732 29.50868797
40.687613 -10.774092 40.79016113 29.50869560
40.374482 -10.708143 40.79016113 29.50869560
39.670618 -10.556575 40.79016113 29.50870514
39.299526 -10.474777 40.79016876 29.50870514
38.548474 -10.305013 40.79016876 29.50871468
38.158819 -10.214634 40.79017639 29.50871468
37.361316 -10.023882 40.79018402 29.50872421
37.021395 -9.940492 40.79018402 29.50872421
36.439135 -9.795670 40.79018402 29.50873375
36.185904 -9.736730 40.79018784 29.50873375
35.755108 -9.647233 40.79019165 29.50873947
35.587990 -9.616061 40.79019165 29.50873947
35.204026 -9.547711 40.79019165 29.50874519
34.977670 -9.506931 40.79019547 29.50874519
34.475288 -9.419113 40.79019547 29.50875282
34.170045 -9.365014 40.79019928 29.50875282
33.491137 -9.241793 40.79019928 29.50876236
33.156141 -9.183677 40.79020309 29.50876236
32.368110 -9.045819 40.79020309 29.50877190
31.935130 -8.967536 40.79021072 29.50877190
31.070098 -8.805924 40.79021072 29.50878143
30.589027 -8.712811 40.79021835 29.50878143
29.647976 -8.523029 40.79021835 29.50879288
29.207525 -8.430816 40.79022217 29.50879288
28.357256 -8.246594 40.79022217 29.50880432
27.965882 -8.163972 40.79023361 29.50880432
27.227915 -8.030195 40.79023743 29.50881577
26.883535 -7.967724 40.79023743 29.50881577
26.214042 -7.848647 40.79023743 29.50882530
25.918802 -7.795421 40.79024506 29.50882530
25.248545 -7.680732 40.79024506 29.50883293
24.874079 -7.616115 40.79024887 29.50883293
24.066304 -7.475059 40.79025650 29.50884438
23.622641 -7.399807 40.79025650 29.50884438
22.765935 -7.248312 40.79025650 29.50885391
22.382343 -7.177908 40.79026413 29.50885391
21.645472 -7.038196 40.79027176 29.50886536
21.341312 -6.978302 40.79027176 29.50886536
20.752951 -6.860703 40.79027176 29.50887299
20.478611 -6.804690 40.79027557 29.50887299
19.900247 -6.688114 40.79027557 29.50888062
19.564866 -6.632265 40.79028320 29.50888062
18.871728 -6.534496 40.79028320 29.50889015
18.495158 -6.483557 40.79028702 29.50889015
17.663534 -6.365239 40.79028702 29.50889969
17.287662 -6.309380 40.79029465 29.50889969
16.614457 -6.213651 40.79029465 29.50890923
16.296561 -6.177020 40.79030228 29.50890923
15.719390 -6.119830 40.79030609 29.50891685
15.460473 -6.096122 40.79030609 29.50891685
14.872182 -6.051245 40.79030609 29.50892639
14.532924 -6.028788 40.79031372 29.50892639
13.814448 -5.982063 40.79031754 29.50893402
13.514975 -5.964290 40.79031754 29.50893402
12.856289 -5.922671 40.79031754 29.50894165
12.487256 -5.895941 40.79032516 29.50894165
11.729452 -5.838216 40.79032516 29.50894928
11.301486 -5.796437 40.79033279 29.50894928
10.396579 -5.700314 40.79034042 29.50895882
9.989092 -5.654986 40.79034042 29.50895882
9.204314 -5.564311 40.79034042 29.50896835
8.787249 -5.514737 40.79034805 29.50896835
7.933665 -5.409895 40.79034805 29.50897789
7.467418 -5.350613 40.79035568 29.50897789
6.475976 -5.220084 40.79035568 29.50898933
6.009079 -5.166163 40.79036331 29.50898933
5.142600 -5.087972 40.79036331 29.50900078
4.734039 -5.053652 40.79037094 29.50900078
3.956295 -4.994397 40.79037857 29.50901222
3.597521 -4.964709 40.79037857 29.50901222
2.930110 -4.905871 40.79037857 29.50901985
2.621459 -4.876984 40.79038620 29.50901985
2.073855 -4.825711 40.79038620 29.50902748
1.814978 -4.801574 40.79039001 29.50902748
1.257299 -4.750652 40.79039764 29.50903320
0.958236 -4.726958 40.79039764 29.50903320
0.279481 -4.686534 40.79039764 29.50904083
-0.100327 -4.674436 40.79040146 29.50904083
-0.928891 -4.627735 40.79040909 29.50905037
-1.385640 -4.573142 40.79040909 29.50905037
-2.296629 -4.444707 40.79041672 29.50905991
-2.702367 -4.385739 40.79041672 29.50905991
-3.483641 -4.268652 40.79041672 29.50907135
-3.849309 -4.212200 40.79042435 29.50907135
-4.540774 -4.103222 40.79042816 29.50908089
-4.906081 -4.044482 40.79042816 29.50908089
-5.744796 -3.906439 40.79042816 29.50909042
-6.158940 -3.836543 40.79043579 29.50909042
-7.055571 -3.681142 40.79043579 29.50910187
-7.518249 -3.598500 40.79044342 29.50910187
-8.368156 -3.467947 40.79045105 29.50911331
-8.765333 -3.420508 40.79045105 29.50911331
-9.510650 -3.337044 40.79045105 29.50912476
-9.849196 -3.305640 40.79045868 29.50912476
-10.468088 -3.270138 40.79046631 29.50913429
-10.738054 -3.265852 40.79046631 29.50913429
-11.227659 -3.282725 40.79046631 29.50914192
-11.426853 -3.300661 40.79047012 29.50914192
-11.753885 -3.344657 40.79047012 29.50914574
-11.921255 -3.374444 40.79047394 29.50914574
-12.329064 -3.474475 40.79047394 29.50915146
-12.567248 -3.550426 40.79047775 29.50915146
-13.039600 -3.742234 40.79047775 29.50915527
-13.289264 -3.868992 40.79048157 29.50915527
-13.815319 -4.196655 40.79048920 29.50915909
-14.032647 -4.356869 40.79048920 29.50915909
-14.434169 -4.687237 40.79048920 29.50916290
-14.602107 -4.829353 40.79049683 29.50916290
-14.655623 -4.874476 40.79049683 29.50916290
-14.617671 -4.841923 40.79050064 29.50916290
-14.477213 -4.713993 40.79050064 29.50916481
-14.391591 -4.629917 40.79050064 29.50916481
-14.162052 -4.379178 40.79050064 29.50916481
-14.035954 -4.223938 40.79049683 29.50916481
-13.771215 -3.847904 40.79049683 29.50916672
-13.638048 -3.624596 40.79049301 29.50916672
-13.401300 -3.139512 40.79049301 29.50917053
-13.290742 -2.860627 40.79048538 29.50917053
-13.104704 -2.258877 40.79048538 29.50917435
-13.016469 -1.920181 40.79048157 29.50917435
-12.858378 -1.258847 40.79047012 29.50918007
-12.777646 -0.897762 40.79047012 29.50918007
-12.613902 -0.094348 40.79047012 29.50918770
-12.547086 0.320303 40.79046249 29.50918770
-12.419765 1.160710 40.79046249 29.50919724
-12.356019 1.606172 40.79045486 29.50919724
-12.233584 2.517985 40.79045486 29.50920677
-12.172856 3.004207 40.79044724 29.50920677
-12.064270 3.947977 40.79044724 29.50921822
-12.014913 4.415378 40.79043579 29.50921822
-11.931207 5.271292 40.79043579 29.50922775
-11.897007 5.649750 40.79042816 29.50922775
-11.836313 6.377221 40.79042816 29.50923729
-11.811367 6.696247 40.79042053 29.50923729
-11.764444 7.344550 40.79042053 29.50924683
-11.740808 7.703773 40.79041290 29.50924683
-11.695639 8.472445 40.79041290 29.50925636
-11.675872 8.851930 40.79040527 29.50925636
-11.640141 9.661140 40.79040527 29.50926590
-11.623934 10.110848 40.79039764 29.50926590
-11.599361 10.970494 40.79039764 29.50927734
-11.589815 11.430395 40.79039001 29.50927734
-11.574360 12.400272 40.79039001 29.5092887940.79048920 29.50915909
-11.559890 12.880053 40.79038239 29.50928879
-11.522913 13.899326 40.79038239 29.50930214
-11.494011 14.418522 40.79037476 29.50930214
-11.385430 15.482879 40.79036331 29.50931549
-11.308429 16.007255 40.79036331 29.50931549
-11.145162 17.135491 40.79036331 29.50932884
-11.068855 17.720535 40.79035187 29.50932884
-10.908376 18.828943 40.79035187 29.50934219
-10.792462 19.397242 40.79034042 29.50934219
-10.513265 20.512832 40.79034042 29.50935364
-10.371732 21.095900 40.79032898 29.50935364
-10.045358 22.343902 40.79032898 29.50936699
-9.835132 23.001096 40.79031372 29.50936699
-9.341414 24.268291 40.79031372 29.50937843
-9.057890 24.973425 40.79029846 29.50937843
-8.469594 26.472093 40.79029846 29.50938988
-8.134020 27.209311 40.79027939 29.50938988
-7.284283 28.575841 40.79027939 29.50940323
-6.773798 29.329170 40.79026031 29.50940323
-5.755688 30.873822 40.79023743 29.50941277
-5.270609 31.608055 40.79023743 29.50941277
-4.221481 33.227918 40.79021454 29.50942039
-3.724255 34.037403 40.79021454 29.50942039
-2.816581 35.545271 40.79021454 29.50942993
-2.388744 36.279748 40.79019165 29.50942993
-1.491035 37.675978 40.79016876 29.50943947
-1.010104 38.327749 40.79016876 29.50943947
-0.099801 39.544934 40.79016876 29.50944710
0.319672 40.130121 40.79014969 29.50944710
1.096964 41.258232 40.79013062 29.50945282
1.438583 41.775626 40.79013062 29.50945282
2.060432 42.871160 40.79013062 29.50945854
2.306189 43.418520 40.79011536 29.50945854
2.691101 44.459485 40.79011536 29.50946617
2.836280 44.969213 40.79010010 29.50946617
2.979505 45.987841 40.79008865 29.50947762
2.977511 46.457837 40.79008865 29.50947762
2.845164 47.367297 40.79008865 29.50948906
2.721581 47.799995 40.79008484 29.50948906
2.400780 48.553936 40.79008484 29.50950241
2.199988 48.899888 40.79007721 29.50950241
1.793660 49.469567 40.79007721 29.50951385
1.661206 49.632528 40.79007721 29.50951385
1.590746 49.716999 40.79007721 29.50951958
1.597156 49.709323 40.79007721 29.50951958
1.577800 49.732243 40.79007721 29.50952148
1.571323 49.739862 40.79007721 29.50952148
1.518530 49.799968 40.79007339 29.50952148
1.471593 49.851900 40.79007339 29.50952148
1.471598 49.851904 40.79007339 29.50952339
1.478277 49.844462 40.79007339 29.50952339
1.504935 49.814640 40.79007339 29.50952148
1.518263 49.799728 40.79007339 29.50952148
1.606136 49.703927 40.79007339 29.50951958
1.675600 49.631993 40.79007339 29.50951958
1.840690 49.471863 40.79007339 29.50951767
1.891707 49.423934 40.79007339 29.50951767
1.877173 49.437673 40.79007339 29.50951576
1.833501 49.478816 40.79007339 29.50951576
1.662572 49.632691 40.79007339 29.50951767
1.523565 49.747045 40.79007339 29.50951767
1.149775 50.015003 40.79007721 29.50952339
0.931975 50.156999 40.79007721 29.50952339
0.484961 50.441743 40.79007721 29.50952911
0.308695 50.555892 40.79007721 29.50952911
0.031817 50.735443 40.79007721 29.50953674
-0.077272 50.806150 40.79008102 29.50953674
-0.278989 50.936190 40.79008102 29.50953865
-0.380050 51.000894 40.79008102 29.50953865
-0.531826 51.097662 40.79008102 29.50954247
-0.590909 51.135202 40.79008102 29.50954247
-0.709228 51.210039 40.79008102 29.50954628
-0.759980 51.242043 40.79008102 29.50954628
-0.861564 51.305924 40.79008102 29.50954628
-0.870034 51.311238 40.79008484 29.50954819
-0.870034 51.311238 40.79008484 29.50954819
-0.870034 51.311238 40.79008484 29.50954819
-0.870034 51.311238 40.79008484 29.50954819
-0.870034 51.311238 40.79008102 29.50955009
-0.870034 51.311238 40.79008102 29.50955009
-0.870034 51.311238 40.79008484 29.50955009
-0.870034 51.311238 40.79008484 29.50955009
-0.870034 51.311238 40.79008484 29.50954819
-0.870034 51.311238 40.79008484 29.50954819
-0.870034 51.311238 40.79008484 29.50954819
-0.870034 51.311238 40.79008484 29.50954819
-0.870034 51.311238 40.79008484 29.50954819
-0.870034 51.311238 40.79008484 29.50955200
-0.870034 51.311238 40.79008484 29.50955200
-0.870034 51.311238 40.79008484 29.50955391
-0.870034 51.311238 40.79008484 29.50955391
-0.870034 51.311238 40.79008484 29.50955582
-0.870034 51.311238 40.79008484 29.50955582
-0.870034 51.311238 40.79008484 29.50955582
-0.870034 51.311238 40.79008484 29.50955582
-0.870034 51.311238 40.79008484 29.50955582
-0.870034 51.311238 40.79008484 29.50955582
-0.870034 51.311238 40.79008484 29.50955582
-0.870034 51.311238 40.79008484 29.50955582
-0.870034 51.311238 40.79008865 29.50955582
-0.870034 51.311238 40.79008865 29.50955582
-0.870034 51.311238 40.79008865 29.50955582
-0.870034 51.311238 40.79008865 29.50955582
-0.870034 51.311238 40.79008865 29.50955391
-0.870034 51.311238 40.79008865 29.50955391
-0.870034 51.311238 40.79008865 29.50955391
-0.870034 51.311238 40.79008865 29.50955391
-0.870034 51.311238 40.79008865 29.50955582
-0.870034 51.311238 40.79008865 29.50955582
-0.870034 51.311238 40.79008865 29.50955582
-0.870034 51.311238 40.79008865 29.50955582
-0.870034 51.311238 40.79009247 29.50955582
-0.870034 51.311238 40.79009247 29.50955582
-0.870034 51.311238 40.79008865 29.50955391
-0.870034 51.311238 40.79008865 29.50955391
-0.870034 51.311238 40.79009247 29.50955391
-0.870034 51.311238 40.79009247 29.50955391
-0.870034 51.311238 40.79009247 29.50955582
-0.870034 51.311238 40.79009247 29.50955582
-0.870034 51.311238 40.79009247 29.50955582
-0.870034 51.311238 40.79009247 29.50955582
-0.870034 51.311238 40.79009247 29.50955582
-0.870034 51.311238 40.79009247 29.50955582
-0.844541 51.295424 40.79009247 29.50955391
-0.810579 51.274291 40.79009247 29.50955391
-0.793597 51.263726 40.79009247 29.50955391
-0.793597 51.263726 40.79009247 29.50955391
-0.810596 51.274264 40.79009247 29.50955200
-0.827600 51.284794 40.79009247 29.50955200
-0.878627 51.316356 40.79009628 29.50955200
-0.878627 51.316356 40.79009628 29.50955200
-0.878627 51.316356 40.79009247 29.50955200
-0.878627 51.316356 40.79009247 29.50955200
-0.878627 51.316356 40.79009247 29.50955200
-0.878627 51.316356 40.79009247 29.50955200
-0.878627 51.316356 40.79009247 29.50955200
-0.878627 51.316356 40.79009247 29.50955200
-0.878627 51.316356 40.79009247 29.50955200
-0.878627 51.316356 40.79009247 29.50955200
-0.878627 51.316356 40.79009628 29.50955200
-0.878627 51.316356 40.79009628 29.50955200
-0.878627 51.316356 40.79009628 29.50955200
-0.878627 51.316356 40.79009628 29.50955200
-0.878627 51.316356 40.79009628 29.50955200
-0.878627 51.316356 40.79009628 29.50955200
-0.878627 51.316356 40.79009628 29.50955200
-0.878627 51.316356 40.79009628 29.50955200
-0.878627 51.316356 40.79009628 29.50955200
-0.878627 51.316356 40.79009628 29.50955200
-0.878627 51.316356 40.79009628 29.50955200
-0.878627 51.316356 40.79009628 29.50955200
-0.878627 51.316356 40.79009628 29.50955200
-0.878627 51.316356 40.79009628 29.50955200
-0.878627 51.316356 40.79009628 29.50955391
-0.878627 51.316356 40.79009628 29.50955391
-0.878627 51.316356 40.79009628 29.50955391
-0.878627 51.316356 40.79009628 29.50955391
-0.878627 51.316356 40.79009628 29.50955582
-0.878627 51.316356 40.79009628 29.50955582
-0.878627 51.316356 40.79009628 29.50955582
-0.878627 51.316356 40.79009628 29.50955582
-0.878627 51.316356 40.79009628 29.50955582
-0.878627 51.316356 40.79009628 29.50955582
-0.878627 51.316356 40.79009628 29.50955391
-0.878627 51.316356 40.79009628 29.50955391
-0.810471 51.274468 40.79009628 29.50955391
-0.767882 51.248272 40.79009628 29.50955391
-0.657218 51.180055 40.79009628 29.50955200
-0.640199 51.169551 40.79009628 29.50955200
-0.640199 51.169551 40.79009628 29.50955009
-0.648715 51.174793 40.79009628 29.50955009
-0.648715 51.174793 40.79009628 29.50955009
-0.648715 51.174793 40.79009628 29.50955009
-0.648715 51.174793 40.79009628 29.50955009
-0.648715 51.174793 40.79009628 29.50955009
-0.648715 51.174793 40.79009628 29.50955009
-0.648715 51.174793 40.79009628 29.50955009
-0.648715 51.174793 40.79009628 29.50954819
-0.648715 51.174793 40.79009628 29.50954819
-0.648715 51.174793 40.79009628 29.50954819
-0.648715 51.174793 40.79009628 29.50954819
-0.648715 51.174793 40.79009628 29.50954819
-0.648715 51.174793 40.79009628 29.50954819
-0.648715 51.174793 40.79010010 29.50954819
-0.648715 51.174793 40.79010010 29.50954819
-0.648715 51.174793 40.79010010 29.50954819
-0.648715 51.174793 40.79010010 29.50954819
-0.648715 51.174793 40.79010010 29.50954819
-0.648715 51.174793 40.79010010 29.50954819
-0.648715 51.174793 40.79010010 29.50954628
-0.648715 51.174793 40.79010010 29.50954628
-0.648715 51.174793 40.79010010 29.50954819
-0.648715 51.174793 40.79010010 29.50954819
-0.648715 51.174793 40.79009628 29.50954819
-0.648715 51.174793 40.79009628 29.50954819
-0.648715 51.174793 40.79009628 29.50954819
-0.648715 51.174793 40.79009628 29.50954819
-0.648715 51.174793 40.79009628 29.50954819
-0.648715 51.174793 40.79009628 29.50954819
-0.648715 51.174793 40.79009628 29.50954819
-0.648715 51.174793 40.79009628 29.50954819
-0.648715 51.174793 40.79009628 29.50954819
-0.648715 51.174793 40.79009628 29.50954819
-0.648715 51.174793 40.79009628 29.50954819
-0.648715 51.174793 40.79009628 29.50954819
-0.648715 51.174793 40.79009628 29.50954819
-0.648715 51.174793 40.79009628 29.50954819
-0.648715 51.174793 40.79009247 29.50954819
-0.648715 51.174793 40.79009247 29.50954819
-0.648715 51.174793 40.79009247 29.50955009
-0.648715 51.174793 40.79009247 29.50955009
-0.648715 51.174793 40.79009247 29.50955009
-0.648715 51.174793 40.79009247 29.50955009
-0.648715 51.174793 40.79009247 29.50955009
