(41.05656433105469, 28.81991958618164)
(41.05656433105469, 28.81991958618164)
(41.05656433105469, 28.81991958618164)
(41.05656433105469, 28.81991958618164)
(41.05656433105469, 28.81991958618164)
(41.05656433105469, 28.81991958618164)
(41.05656433105469, 28.819921493530273)
(41.05656814575195, 28.819921493530273)
(41.05656814575195, 28.819921493530273)
(41.05656814575195, 28.819923400878906)
(41.05657196044922, 28.819921493530273)
(41.05657196044922, 28.819921493530273)
(41.05657196044922, 28.819921493530273)
(41.05657196044922, 28.819921493530273)
(41.05657196044922, 28.819921493530273)
(41.05656814575195, 28.819921493530273)
(41.05656814575195, 28.819923400878906)
(41.05656814575195, 28.81992530822754)
(41.05656433105469, 28.819927215576172)
(41.05656433105469, 28.819929122924805)
(41.05656433105469, 28.819929122924805)
(41.05656433105469, 28.819929122924805)
(41.05656433105469, 28.819929122924805)
(41.05656433105469, 28.819929122924805)
(41.05656433105469, 28.819929122924805)
(41.05656433105469, 28.819929122924805)
(41.05656433105469, 28.819929122924805)
(41.05656433105469, 28.819927215576172)
(41.05656433105469, 28.81992530822754)
(41.05656433105469, 28.819923400878906)
(41.05656433105469, 28.819921493530273)
(41.05656814575195, 28.81991958618164)
(41.05657196044922, 28.819917678833008)
(41.05657196044922, 28.819915771484375)
(41.05657196044922, 28.819913864135742)
(41.056575775146484, 28.819913864135742)
(41.056575775146484, 28.81991195678711)
(41.05657958984375, 28.81991195678711)
(41.05657958984375, 28.81991195678711)
(41.056575775146484, 28.819913864135742)
(41.056575775146484, 28.819913864135742)
(41.05657196044922, 28.819913864135742)
(41.05656814575195, 28.819913864135742)
(41.05656814575195, 28.819913864135742)
(41.05656433105469, 28.819913864135742)
(41.05656051635742, 28.81991195678711)
(41.05656051635742, 28.819910049438477)
(41.05656051635742, 28.819910049438477)
(41.05656051635742, 28.819908142089844)
(41.056556701660156, 28.81990623474121)
(41.056556701660156, 28.81990623474121)
(41.056556701660156, 28.819904327392578)
(41.05655288696289, 28.819904327392578)
(41.05655288696289, 28.819902420043945)
(41.056549072265625, 28.819900512695312)
(41.05654525756836, 28.819900512695312)
(41.05654525756836, 28.81989860534668)
(41.05654525756836, 28.81989860534668)
(41.056541442871094, 28.81989860534668)
(41.056541442871094, 28.819900512695312)
(41.056541442871094, 28.819900512695312)
(41.056541442871094, 28.819900512695312)
(41.05653762817383, 28.81989860534668)
(41.05653381347656, 28.81989860534668)
(41.05653381347656, 28.819896697998047)
(41.0565299987793, 28.819896697998047)
(41.0565299987793, 28.819894790649414)
(41.05652618408203, 28.81989288330078)
(41.05652618408203, 28.81989097595215)
(41.056522369384766, 28.81989097595215)
(41.0565185546875, 28.81989097595215)
(41.056514739990234, 28.819889068603516)
(41.056514739990234, 28.819889068603516)
(41.05651092529297, 28.819887161254883)
(41.0565071105957, 28.819887161254883)
(41.05650329589844, 28.81988525390625)
(41.05650329589844, 28.81988525390625)
(41.05649948120117, 28.81988525390625)
(41.05649948120117, 28.81988525390625)
(41.056495666503906, 28.819883346557617)
(41.05649185180664, 28.819883346557617)
(41.05649185180664, 28.819881439208984)
(41.05648422241211, 28.81987953186035)
(41.056480407714844, 28.81987762451172)
(41.05647659301758, 28.819875717163086)
(41.05647277832031, 28.819873809814453)
(41.05647277832031, 28.81987190246582)
(41.05646896362305, 28.819869995117188)
(41.05646514892578, 28.819869995117188)
(41.056461334228516, 28.819868087768555)
(41.05645751953125, 28.819868087768555)
(41.056453704833984, 28.819868087768555)
(41.05644989013672, 28.819866180419922)
(41.05644607543945, 28.819866180419922)
(41.05644226074219, 28.81986427307129)
(41.05643844604492, 28.81986427307129)
(41.05643844604492, 28.819862365722656)
(41.056434631347656, 28.819862365722656)
(41.05643081665039, 28.819860458374023)
(41.056427001953125, 28.819860458374023)
(41.05642318725586, 28.81985855102539)
(41.05642318725586, 28.81985855102539)
(41.056419372558594, 28.81985855102539)
(41.056419372558594, 28.819856643676758)
(41.056419372558594, 28.819856643676758)
(41.05641555786133, 28.819856643676758)
(41.05641174316406, 28.819856643676758)
(41.05641174316406, 28.819856643676758)
(41.05641174316406, 28.819854736328125)
(41.0564079284668, 28.819854736328125)
(41.0564079284668, 28.819854736328125)
(41.05641174316406, 28.819854736328125)
(41.0564079284668, 28.819852828979492)
(41.0564079284668, 28.819852828979492)
(41.0564079284668, 28.81985092163086)
(41.0564079284668, 28.81985092163086)
(41.0564079284668, 28.819849014282227)
(41.05641174316406, 28.819849014282227)
(41.05641174316406, 28.819849014282227)
(41.05641174316406, 28.819849014282227)
(41.05641174316406, 28.819849014282227)
(41.05641174316406, 28.819849014282227)
(41.05641174316406, 28.819849014282227)
(41.0564079284668, 28.819847106933594)
(41.0564079284668, 28.819847106933594)
(41.0564079284668, 28.81984519958496)
(41.05640411376953, 28.819843292236328)
(41.05640411376953, 28.819841384887695)
(41.05640411376953, 28.819839477539062)
(41.056400299072266, 28.819839477539062)
(41.056400299072266, 28.81983757019043)
(41.056400299072266, 28.819835662841797)
(41.056400299072266, 28.819835662841797)
(41.056400299072266, 28.819835662841797)
(41.056400299072266, 28.819835662841797)
(41.056400299072266, 28.819835662841797)
(41.056400299072266, 28.819835662841797)
(41.056400299072266, 28.81983757019043)
(41.056400299072266, 28.819835662841797)
(41.056400299072266, 28.819835662841797)
(41.056400299072266, 28.819835662841797)
(41.056396484375, 28.819835662841797)
(41.056396484375, 28.819835662841797)
(41.056392669677734, 28.819835662841797)
(41.056392669677734, 28.819835662841797)
(41.056392669677734, 28.81983757019043)
(41.05638885498047, 28.81983757019043)
(41.056392669677734, 28.81983757019043)
(41.05638885498047, 28.81983757019043)
(41.05638885498047, 28.81983757019043)
(41.05638885498047, 28.819839477539062)
(41.056392669677734, 28.81983757019043)
(41.056392669677734, 28.81983757019043)
(41.05638885498047, 28.81983757019043)
(41.056392669677734, 28.81983757019043)
(41.056392669677734, 28.81983757019043)
(41.056392669677734, 28.819839477539062)
(41.05638885498047, 28.819839477539062)
(41.05638885498047, 28.819839477539062)
(41.056392669677734, 28.819839477539062)
(41.056392669677734, 28.819841384887695)
(41.056392669677734, 28.819841384887695)
(41.056392669677734, 28.819841384887695)
(41.05638885498047, 28.819841384887695)
(41.0563850402832, 28.819841384887695)
(41.0563850402832, 28.819839477539062)
(41.05638122558594, 28.81983757019043)
(41.05637741088867, 28.819835662841797)
(41.056373596191406, 28.819833755493164)
(41.056373596191406, 28.819833755493164)
(41.056373596191406, 28.81983184814453)
(41.056373596191406, 28.81983184814453)
(41.056373596191406, 28.8198299407959)
(41.056373596191406, 28.8198299407959)
(41.05637741088867, 28.819828033447266)
(41.05637741088867, 28.819828033447266)
(41.05637741088867, 28.819828033447266)
(41.05637741088867, 28.819826126098633)
(41.056373596191406, 28.819826126098633)
(41.056373596191406, 28.819826126098633)
(41.056373596191406, 28.81982421875)
(41.05636978149414, 28.81982421875)
(41.05636978149414, 28.819822311401367)
(41.05636978149414, 28.819820404052734)
(41.056365966796875, 28.819820404052734)
(41.056365966796875, 28.819820404052734)
(41.056365966796875, 28.819820404052734)
(41.056365966796875, 28.8198184967041)
(41.05636215209961, 28.8198184967041)
(41.05636215209961, 28.8198184967041)
(41.05636215209961, 28.8198184967041)
(41.056358337402344, 28.8198184967041)
(41.056358337402344, 28.81981658935547)
(41.056358337402344, 28.81981658935547)
(41.05635452270508, 28.819814682006836)
(41.05635452270508, 28.819814682006836)
(41.05635452270508, 28.819812774658203)
(41.05635070800781, 28.81981086730957)
(41.05634689331055, 28.81981086730957)
(41.05634689331055, 28.819808959960938)
(41.05634307861328, 28.819807052612305)
(41.05634307861328, 28.819805145263672)
(41.056339263916016, 28.819805145263672)
(41.05633544921875, 28.81980323791504)
(41.05633544921875, 28.81980323791504)
(41.056331634521484, 28.819801330566406)
(41.05632781982422, 28.819799423217773)
(41.05632781982422, 28.81979751586914)
(41.05632781982422, 28.81979751586914)
(41.05632400512695, 28.819795608520508)
(41.05632019042969, 28.819795608520508)
(41.05632019042969, 28.819793701171875)
(41.05632019042969, 28.819793701171875)
(41.05631637573242, 28.819791793823242)
(41.05631637573242, 28.819791793823242)
(41.056312561035156, 28.81978988647461)
(41.056312561035156, 28.81978988647461)
(41.056312561035156, 28.819787979125977)
(41.056312561035156, 28.819787979125977)
(41.056312561035156, 28.819786071777344)
(41.056312561035156, 28.819786071777344)
(41.056312561035156, 28.819786071777344)
(41.056312561035156, 28.819786071777344)
(41.056312561035156, 28.819786071777344)
(41.056312561035156, 28.819786071777344)
(41.05630874633789, 28.819786071777344)
(41.05630874633789, 28.819787979125977)
(41.05630874633789, 28.81978988647461)
(41.05630874633789, 28.81978988647461)
(41.05630874633789, 28.819791793823242)
(41.05630874633789, 28.819793701171875)
(41.05630874633789, 28.819793701171875)
(41.05630874633789, 28.819793701171875)
(41.05630874633789, 28.819793701171875)
(41.056304931640625, 28.819795608520508)
(41.056304931640625, 28.819795608520508)
(41.056304931640625, 28.819795608520508)
(41.056304931640625, 28.81979751586914)
(41.056304931640625, 28.81979751586914)
(41.05630111694336, 28.81979751586914)
(41.05630111694336, 28.819799423217773)
(41.05630111694336, 28.819801330566406)
(41.05630111694336, 28.819801330566406)
(41.05630111694336, 28.819801330566406)
(41.05630111694336, 28.819801330566406)
(41.05630111694336, 28.819801330566406)
(41.05630111694336, 28.819801330566406)
(41.05630111694336, 28.819801330566406)
(41.05630111694336, 28.819801330566406)
(41.05630111694336, 28.819801330566406)
(41.05630111694336, 28.819801330566406)
(41.05630111694336, 28.819801330566406)
(41.05630111694336, 28.819801330566406)
(41.05630111694336, 28.819801330566406)
(41.05630111694336, 28.819801330566406)
(41.05630111694336, 28.819801330566406)
(41.05630111694336, 28.819801330566406)
(41.05630111694336, 28.819801330566406)
(41.05630111694336, 28.819801330566406)
(41.05630111694336, 28.819801330566406)
(41.05630111694336, 28.819801330566406)
(41.05630111694336, 28.819801330566406)
(41.05630111694336, 28.819801330566406)
(41.05630111694336, 28.819801330566406)
(41.05630111694336, 28.819801330566406)
(41.05630111694336, 28.819801330566406)
(41.05630111694336, 28.819801330566406)
(41.05630111694336, 28.819801330566406)
(41.05630111694336, 28.819801330566406)
(41.05630111694336, 28.819801330566406)
(41.0562858581543, 28.819801330566406)
(41.0562858581543, 28.81980323791504)
(41.0562858581543, 28.819805145263672)
(41.0562858581543, 28.819805145263672)
(41.0562858581543, 28.819805145263672)
(41.0562858581543, 28.819805145263672)
(41.0562858581543, 28.819807052612305)
(41.0562858581543, 28.819807052612305)
(41.05628204345703, 28.819808959960938)
(41.0562858581543, 28.819808959960938)
(41.0562858581543, 28.819808959960938)
(41.05628204345703, 28.81981086730957)
(41.056278228759766, 28.81981086730957)
(41.05628204345703, 28.819808959960938)
(41.056278228759766, 28.819808959960938)
(41.056278228759766, 28.819807052612305)
(41.0562744140625, 28.819807052612305)
(41.056278228759766, 28.819805145263672)
(41.0562744140625, 28.819807052612305)
(41.0562744140625, 28.819807052612305)
(41.0562744140625, 28.819807052612305)
(41.0562744140625, 28.819807052612305)
(41.056270599365234, 28.819807052612305)
(41.056270599365234, 28.819807052612305)
(41.056270599365234, 28.819807052612305)
(41.056270599365234, 28.819807052612305)
(41.056270599365234, 28.819807052612305)
(41.05626678466797, 28.819807052612305)
(41.05626678466797, 28.819808959960938)
(41.05625915527344, 28.819808959960938)
(41.05625534057617, 28.81981086730957)
(41.056251525878906, 28.819812774658203)
(41.05624771118164, 28.819812774658203)
(41.056243896484375, 28.819814682006836)
(41.056243896484375, 28.819814682006836)
(41.056236267089844, 28.819814682006836)
(41.05624008178711, 28.819814682006836)
(41.05624008178711, 28.819812774658203)
(41.05624008178711, 28.81981086730957)
(41.056236267089844, 28.819808959960938)
(41.056236267089844, 28.819808959960938)
(41.05623245239258, 28.819807052612305)
(41.05622863769531, 28.819807052612305)
(41.05622863769531, 28.819805145263672)
(41.05622863769531, 28.819805145263672)
(41.05622863769531, 28.81980323791504)
(41.05622482299805, 28.81980323791504)
(41.05622482299805, 28.81980323791504)
(41.05622482299805, 28.81980323791504)
(41.05622100830078, 28.81980323791504)
(41.05622100830078, 28.81980323791504)
(41.056217193603516, 28.81980323791504)
(41.05621337890625, 28.81980323791504)
(41.056217193603516, 28.81980323791504)
(41.056217193603516, 28.81980323791504)
(41.05622100830078, 28.81980323791504)
(41.05622100830078, 28.81980323791504)
(41.05622482299805, 28.819805145263672)
(41.05622482299805, 28.819805145263672)
(41.05622100830078, 28.819805145263672)
(41.05622100830078, 28.819805145263672)
(41.05622482299805, 28.819807052612305)
(41.05622863769531, 28.819807052612305)
(41.05622863769531, 28.819807052612305)
(41.05622863769531, 28.819808959960938)
(41.05623245239258, 28.819808959960938)
(41.05623245239258, 28.81981086730957)
(41.05623245239258, 28.81981086730957)
(41.056236267089844, 28.819812774658203)
(41.056236267089844, 28.819812774658203)
(41.05624008178711, 28.819814682006836)
(41.05624008178711, 28.819814682006836)
(41.056243896484375, 28.81981658935547)
(41.056251525878906, 28.8198184967041)
(41.05625915527344, 28.819822311401367)
(41.056270599365234, 28.81982421875)
(41.05628204345703, 28.819826126098633)
(41.05628967285156, 28.819828033447266)
(41.05630111694336, 28.81983184814453)
(41.056312561035156, 28.819835662841797)
(41.05632781982422, 28.819841384887695)
(41.056339263916016, 28.819849014282227)
(41.05635070800781, 28.819852828979492)
(41.056358337402344, 28.81985855102539)
(41.056365966796875, 28.819860458374023)
(41.056373596191406, 28.81986427307129)
(41.05637741088867, 28.819866180419922)
(41.0563850402832, 28.819868087768555)
(41.056392669677734, 28.819869995117188)
(41.056396484375, 28.819873809814453)
(41.056400299072266, 28.819873809814453)
(41.05640411376953, 28.81987762451172)
(41.05641555786133, 28.81988525390625)
(41.05642318725586, 28.81989288330078)
(41.05643081665039, 28.81989860534668)
(41.05643844604492, 28.819902420043945)
(41.05644989013672, 28.819910049438477)
(41.05645751953125, 28.819915771484375)
(41.05646896362305, 28.819923400878906)
(41.05647659301758, 28.819929122924805)
(41.056488037109375, 28.81993293762207)
(41.056495666503906, 28.819936752319336)
(41.05650329589844, 28.819942474365234)
(41.05651092529297, 28.8199462890625)
(41.056514739990234, 28.819950103759766)
(41.056522369384766, 28.8199520111084)
(41.05652618408203, 28.81995391845703)
(41.05653381347656, 28.819957733154297)
(41.05654525756836, 28.819961547851562)
(41.056556701660156, 28.819965362548828)
(41.05656433105469, 28.819971084594727)
(41.056575775146484, 28.819974899291992)
(41.056575775146484, 28.819974899291992)
(41.056575775146484, 28.819974899291992)
(41.056575775146484, 28.819974899291992)
(41.056575775146484, 28.819974899291992)
(41.056575775146484, 28.819974899291992)
(41.05657196044922, 28.819974899291992)
(41.056575775146484, 28.81997299194336)
(41.056575775146484, 28.81997299194336)
(41.056575775146484, 28.81997299194336)
(41.056575775146484, 28.81997299194336)
(41.056575775146484, 28.819971084594727)
(41.056575775146484, 28.819971084594727)
(41.056575775146484, 28.819969177246094)
(41.05657196044922, 28.819969177246094)
(41.05657196044922, 28.81996726989746)
(41.05657196044922, 28.81996726989746)
(41.05657196044922, 28.81996726989746)
(41.05657196044922, 28.81996726989746)
(41.05657196044922, 28.81996726989746)
(41.05657196044922, 28.81996726989746)
(41.05657196044922, 28.81996726989746)
(41.05657196044922, 28.81996726989746)
(41.05657196044922, 28.81996726989746)
(41.05657196044922, 28.81996726989746)
(41.05657196044922, 28.81996726989746)
(41.05657196044922, 28.81996726989746)
(41.05657196044922, 28.81996726989746)
(41.05657196044922, 28.81996726989746)
(41.05657196044922, 28.81996726989746)
(41.05657196044922, 28.81996726989746)
(41.05657196044922, 28.81996726989746)
(41.05657196044922, 28.81996726989746)
(41.05657196044922, 28.81996726989746)
(41.05657196044922, 28.81996726989746)
(41.05657196044922, 28.81996726989746)
(41.05657196044922, 28.81996726989746)
(41.05657196044922, 28.81996726989746)
(41.05657196044922, 28.81996726989746)
(41.05657196044922, 28.81996726989746)
(41.05657196044922, 28.81996726989746)
(41.05657196044922, 28.81996726989746)
(41.05657196044922, 28.81996726989746)
(41.05657196044922, 28.81996726989746)
(41.05657196044922, 28.81996726989746)
(41.05657196044922, 28.81996726989746)
(41.05657196044922, 28.81996726989746)
(41.05657196044922, 28.81996726989746)
(41.05657196044922, 28.81996726989746)
(41.05657196044922, 28.81996726989746)
(41.05657196044922, 28.81996726989746)
(41.05657196044922, 28.81996726989746)
(41.05657196044922, 28.81996726989746)
(41.05657196044922, 28.81996726989746)
(41.05657196044922, 28.81996726989746)
(41.05657196044922, 28.81996726989746)
(41.05657196044922, 28.81996726989746)
(41.05657196044922, 28.81996726989746)
(41.05657196044922, 28.81996726989746)
(41.05657196044922, 28.81996726989746)
(41.05657196044922, 28.81996726989746)
(41.05657196044922, 28.81996726989746)
(41.05657196044922, 28.81996726989746)
(41.05657196044922, 28.81996726989746)
(41.05657196044922, 28.81996726989746)
(41.05657196044922, 28.81996726989746)
(41.05657196044922, 28.81996726989746)
(41.05657196044922, 28.81996726989746)
(41.05657196044922, 28.81996726989746)
(41.056575775146484, 28.81998634338379)
(41.056575775146484, 28.819984436035156)
(41.056575775146484, 28.819984436035156)
(41.056575775146484, 28.819984436035156)
(41.056575775146484, 28.819984436035156)
(41.056575775146484, 28.819984436035156)
(41.05657958984375, 28.819982528686523)
(41.056575775146484, 28.819982528686523)
(41.056575775146484, 28.819982528686523)
(41.056575775146484, 28.819982528686523)
(41.056575775146484, 28.81998062133789)
(41.056575775146484, 28.81998062133789)
(41.056575775146484, 28.81998062133789)
(41.056575775146484, 28.81998062133789)
(41.056575775146484, 28.81998062133789)
(41.056575775146484, 28.819978713989258)
(41.056575775146484, 28.819978713989258)
(41.05657196044922, 28.819978713989258)
(41.05657196044922, 28.819978713989258)
(41.05657196044922, 28.819978713989258)
(41.05657196044922, 28.819978713989258)
(41.05657196044922, 28.819976806640625)
(41.05657196044922, 28.819976806640625)
(41.05657196044922, 28.819976806640625)
(41.056575775146484, 28.819976806640625)
(41.056575775146484, 28.819976806640625)
(41.056575775146484, 28.819976806640625)
(41.056575775146484, 28.819978713989258)
(41.056575775146484, 28.819978713989258)
(41.056575775146484, 28.819978713989258)
(41.056575775146484, 28.819978713989258)
(41.056575775146484, 28.819978713989258)
(41.05657958984375, 28.819978713989258)
(41.05657958984375, 28.819978713989258)
(41.05657958984375, 28.819978713989258)
(41.05657958984375, 28.819978713989258)
(41.05657958984375, 28.819976806640625)
(41.05657958984375, 28.819976806640625)
(41.056575775146484, 28.819978713989258)
(41.056575775146484, 28.819978713989258)
(41.056575775146484, 28.819976806640625)
(41.056575775146484, 28.819976806640625)
(41.056575775146484, 28.819976806640625)
(41.056575775146484, 28.819974899291992)
(41.05656814575195, 28.819971084594727)
(41.05656051635742, 28.81996726989746)
(41.05655288696289, 28.819965362548828)
(41.056549072265625, 28.819965362548828)
(41.056549072265625, 28.81995964050293)
(41.056541442871094, 28.819957733154297)
(41.05653762817383, 28.81995391845703)
(41.056522369384766, 28.8199520111084)
(41.056514739990234, 28.819950103759766)
(41.0565071105957, 28.819948196411133)
(41.0565071105957, 28.819944381713867)
(41.05649948120117, 28.819942474365234)
(41.056495666503906, 28.8199405670166)
(41.056480407714844, 28.81993865966797)
(41.05647659301758, 28.81993865966797)
(41.05647277832031, 28.819936752319336)
(41.05646896362305, 28.819936752319336)
(41.05646896362305, 28.819934844970703)
(41.05646514892578, 28.819934844970703)
(41.056461334228516, 28.81993293762207)
(41.05645751953125, 28.819931030273438)
(41.056453704833984, 28.819931030273438)
(41.05644989013672, 28.819929122924805)
(41.05644607543945, 28.819929122924805)
(41.05644607543945, 28.819927215576172)
(41.05644226074219, 28.81992530822754)
(41.05643844604492, 28.819923400878906)
(41.05642318725586, 28.819921493530273)
(41.056419372558594, 28.819917678833008)
(41.05641174316406, 28.819913864135742)
(41.05640411376953, 28.81991195678711)
(41.05640411376953, 28.819910049438477)
(41.056396484375, 28.819910049438477)
(41.05638885498047, 28.819910049438477)
(41.05638122558594, 28.819910049438477)
(41.05637741088867, 28.819908142089844)
(41.05637741088867, 28.81990623474121)
(41.05637741088867, 28.819908142089844)
(41.05637741088867, 28.819908142089844)
(41.05637741088867, 28.819908142089844)
(41.05638122558594, 28.819908142089844)
(41.05638122558594, 28.819908142089844)
(41.05638122558594, 28.819908142089844)
(41.05638122558594, 28.819910049438477)
(41.05638122558594, 28.819910049438477)
(41.05638122558594, 28.819910049438477)
(41.0563850402832, 28.819910049438477)
(41.0563850402832, 28.819910049438477)
(41.0563850402832, 28.819908142089844)
(41.0563850402832, 28.819908142089844)
(41.0563850402832, 28.819908142089844)
(41.0563850402832, 28.81990623474121)
(41.0563850402832, 28.81990623474121)
(41.0563850402832, 28.81990623474121)
(41.05638122558594, 28.81990623474121)
(41.05638122558594, 28.81990623474121)
(41.05638122558594, 28.819904327392578)
(41.05638122558594, 28.819904327392578)
(41.05638122558594, 28.819902420043945)
(41.05638122558594, 28.819902420043945)
(41.05638122558594, 28.819902420043945)
(41.05638122558594, 28.819902420043945)
(41.05638122558594, 28.819902420043945)
(41.05638122558594, 28.819902420043945)
(41.05638122558594, 28.819902420043945)
(41.05638122558594, 28.819902420043945)
(41.05638122558594, 28.819902420043945)
(41.05638122558594, 28.819902420043945)
(41.05638122558594, 28.819902420043945)
(41.05638122558594, 28.819902420043945)
(41.05638122558594, 28.819902420043945)
(41.05638122558594, 28.819902420043945)
(41.05638122558594, 28.819902420043945)
(41.05638122558594, 28.819902420043945)
(41.05638122558594, 28.819902420043945)
(41.05638122558594, 28.819902420043945)
(41.05638122558594, 28.819902420043945)
(41.05638122558594, 28.819902420043945)
(41.05638122558594, 28.819902420043945)
(41.05638122558594, 28.819902420043945)
(41.05638122558594, 28.819902420043945)
(41.05638122558594, 28.819902420043945)
(41.05638885498047, 28.81989860534668)
(41.05638885498047, 28.81989860534668)
(41.05638885498047, 28.81989860534668)
(41.05638885498047, 28.819896697998047)
(41.05638885498047, 28.819896697998047)
(41.05638885498047, 28.819896697998047)
(41.05638885498047, 28.819896697998047)
(41.05638885498047, 28.819896697998047)
(41.05638885498047, 28.819896697998047)
(41.05638885498047, 28.819896697998047)
(41.05638885498047, 28.819896697998047)
(41.05638885498047, 28.819896697998047)
(41.05638885498047, 28.819896697998047)
(41.05638885498047, 28.819896697998047)
(41.05638885498047, 28.819896697998047)
(41.05638885498047, 28.819896697998047)
(41.05638885498047, 28.819896697998047)
(41.05638885498047, 28.819896697998047)
(41.05638885498047, 28.819896697998047)
(41.05638885498047, 28.819896697998047)
(41.05638885498047, 28.819896697998047)
(41.05638885498047, 28.819896697998047)
(41.05638885498047, 28.819896697998047)
(41.05638885498047, 28.819896697998047)
(41.05638885498047, 28.819896697998047)
(41.05638885498047, 28.819896697998047)
(41.05638885498047, 28.819896697998047)
(41.05638885498047, 28.819896697998047)
(41.05638885498047, 28.819896697998047)
(41.05638885498047, 28.819896697998047)
(41.05638885498047, 28.819896697998047)
(41.05638885498047, 28.819896697998047)
(41.05638885498047, 28.819896697998047)
(41.05638885498047, 28.819896697998047)
(41.05638885498047, 28.819896697998047)
(41.05638885498047, 28.819896697998047)
(41.05638885498047, 28.819896697998047)
(41.05638885498047, 28.819896697998047)
(41.05638885498047, 28.819896697998047)
(41.05638885498047, 28.819896697998047)
(41.05638885498047, 28.819896697998047)
(41.05638885498047, 28.819896697998047)
(41.05638885498047, 28.819896697998047)
(41.05638885498047, 28.819896697998047)
(41.05638885498047, 28.819896697998047)
(41.05638885498047, 28.819896697998047)
(41.05638885498047, 28.819896697998047)
(41.05638885498047, 28.819896697998047)
(41.05638885498047, 28.819896697998047)
(41.05638885498047, 28.819896697998047)
(41.05638885498047, 28.819896697998047)
(41.05638885498047, 28.819896697998047)
(41.05638885498047, 28.819896697998047)
(41.05638885498047, 28.819896697998047)
(41.05638885498047, 28.819896697998047)
(41.05638885498047, 28.819896697998047)
(41.05638885498047, 28.819896697998047)
(41.05638885498047, 28.819896697998047)
(41.05638885498047, 28.819896697998047)
(41.05638885498047, 28.819896697998047)
(41.05638885498047, 28.819896697998047)
(41.05638885498047, 28.819896697998047)
(41.05638885498047, 28.819896697998047)
(41.05638885498047, 28.819896697998047)
(41.05638885498047, 28.819896697998047)
(41.05638885498047, 28.819896697998047)
(41.05638885498047, 28.819896697998047)
(41.05638885498047, 28.819896697998047)
(41.05638885498047, 28.819896697998047)
(41.05638885498047, 28.819896697998047)
(41.05638885498047, 28.819896697998047)
(41.05638885498047, 28.819896697998047)
(41.05638885498047, 28.819896697998047)
(41.05638885498047, 28.819896697998047)
(41.05638885498047, 28.819896697998047)
(41.05638885498047, 28.819896697998047)
(41.05638885498047, 28.819896697998047)
(41.05638885498047, 28.819896697998047)
(41.05638885498047, 28.819896697998047)
(41.05638885498047, 28.819896697998047)
(41.05638885498047, 28.819896697998047)
(41.05638885498047, 28.819896697998047)
(41.05638885498047, 28.819896697998047)
(41.05638885498047, 28.819896697998047)
(41.05638885498047, 28.819896697998047)
(41.05638885498047, 28.819896697998047)
(41.05638885498047, 28.819896697998047)
(41.05638885498047, 28.819896697998047)
(41.05638885498047, 28.819896697998047)
(41.05638885498047, 28.819896697998047)
(41.05638885498047, 28.819896697998047)
(41.05638885498047, 28.819896697998047)
(41.05638885498047, 28.819896697998047)
(41.05638885498047, 28.819896697998047)
(41.05638885498047, 28.819896697998047)
(41.05638885498047, 28.819896697998047)
(41.05638885498047, 28.819896697998047)
(41.05638885498047, 28.819896697998047)
(41.05638885498047, 28.819896697998047)
(41.05638885498047, 28.819896697998047)
(41.05638885498047, 28.819896697998047)
(41.05638885498047, 28.819896697998047)
(41.05638885498047, 28.819896697998047)
(41.05638885498047, 28.819896697998047)
(41.05638885498047, 28.819896697998047)
(41.05638885498047, 28.819896697998047)
(41.05638885498047, 28.819896697998047)
(41.05638885498047, 28.819896697998047)
(41.05638885498047, 28.819896697998047)
(41.05638885498047, 28.819896697998047)
(41.05638885498047, 28.819896697998047)
(41.05638885498047, 28.819896697998047)
(41.05638885498047, 28.819896697998047)
(41.05638885498047, 28.819896697998047)
(41.05638885498047, 28.819896697998047)
(41.05638885498047, 28.819896697998047)
(41.05638885498047, 28.819896697998047)
(41.05638885498047, 28.819896697998047)
(41.05638885498047, 28.819896697998047)
(41.05638885498047, 28.819896697998047)
(41.05638885498047, 28.819896697998047)
(41.05638885498047, 28.819896697998047)
(41.05638885498047, 28.819896697998047)
(41.05638885498047, 28.819896697998047)
(41.05638885498047, 28.819896697998047)
(41.05638885498047, 28.819896697998047)
(41.05638885498047, 28.819896697998047)
(41.05638885498047, 28.819896697998047)
(41.05638885498047, 28.819896697998047)
(41.05638885498047, 28.819896697998047)
(41.05638885498047, 28.819896697998047)
(41.05638885498047, 28.819896697998047)
(41.05638885498047, 28.819896697998047)
(41.05638885498047, 28.819896697998047)
(41.05638885498047, 28.819896697998047)
(41.05638885498047, 28.819896697998047)
(41.05638885498047, 28.819896697998047)
(41.05638885498047, 28.819896697998047)
(41.05638885498047, 28.819896697998047)
(41.05638885498047, 28.819896697998047)
(41.05638885498047, 28.819896697998047)
(41.05638885498047, 28.819896697998047)
(41.05638885498047, 28.819896697998047)
(41.05638885498047, 28.819896697998047)
(41.05638885498047, 28.819896697998047)
(41.05638885498047, 28.819896697998047)
(41.05638885498047, 28.819896697998047)
(41.05638885498047, 28.819896697998047)
(41.05638885498047, 28.819896697998047)
(41.05638885498047, 28.819896697998047)
(41.05638885498047, 28.819896697998047)
(41.05638885498047, 28.819896697998047)
(41.05638885498047, 28.819896697998047)
(41.05638885498047, 28.819896697998047)
(41.05638885498047, 28.819896697998047)
(41.05638885498047, 28.819896697998047)
(41.05638885498047, 28.819896697998047)
(41.05638885498047, 28.819896697998047)
(41.05638885498047, 28.819896697998047)
(41.05638885498047, 28.819896697998047)
(41.05638885498047, 28.819896697998047)
(41.05638885498047, 28.819896697998047)
(41.05638885498047, 28.819896697998047)
(41.05638885498047, 28.819896697998047)
(41.05638885498047, 28.819896697998047)
(41.05638885498047, 28.819896697998047)
(41.05638885498047, 28.819896697998047)
(41.05638885498047, 28.819896697998047)
(41.05638885498047, 28.819896697998047)
(41.05638885498047, 28.819896697998047)
(41.05638885498047, 28.819896697998047)
(41.05638885498047, 28.819896697998047)
(41.05638885498047, 28.819896697998047)
(41.05638885498047, 28.819896697998047)
(41.05638885498047, 28.819896697998047)
(41.05638885498047, 28.819896697998047)
(41.05638885498047, 28.819896697998047)
(41.05638885498047, 28.819896697998047)
(41.05638885498047, 28.819896697998047)
(41.05638885498047, 28.819896697998047)
(41.05638885498047, 28.819896697998047)
(41.05638885498047, 28.819896697998047)
(41.05638885498047, 28.819896697998047)
(41.05638885498047, 28.819896697998047)
(41.05638885498047, 28.819896697998047)
(41.05638885498047, 28.819896697998047)
(41.05638885498047, 28.819896697998047)
(41.05638885498047, 28.819896697998047)
(41.05638885498047, 28.819896697998047)
(41.05638885498047, 28.819896697998047)
(41.05638885498047, 28.819896697998047)
(41.05638885498047, 28.819896697998047)
(41.05638885498047, 28.819896697998047)
(41.05638885498047, 28.819896697998047)
(41.05638885498047, 28.819896697998047)
(41.05638885498047, 28.819896697998047)
(41.05638885498047, 28.819896697998047)
(41.05638885498047, 28.819896697998047)
(41.05638885498047, 28.819896697998047)
(41.05638885498047, 28.819896697998047)
(41.05638885498047, 28.819896697998047)
(41.05638885498047, 28.819896697998047)
(41.05638885498047, 28.819896697998047)
(41.05638885498047, 28.819896697998047)
(41.05638885498047, 28.819896697998047)
(41.05638885498047, 28.819896697998047)
(41.05638885498047, 28.819896697998047)
(41.05638885498047, 28.819896697998047)
(41.05638885498047, 28.819896697998047)
(41.05638885498047, 28.819896697998047)
(41.05638885498047, 28.819896697998047)
(41.05638885498047, 28.819896697998047)
(41.05638885498047, 28.819896697998047)
(41.05638885498047, 28.819896697998047)
(41.05638885498047, 28.819896697998047)
(41.05638885498047, 28.819896697998047)
(41.05638885498047, 28.819896697998047)
(41.05638885498047, 28.819896697998047)
(41.05638885498047, 28.819896697998047)
(41.05638885498047, 28.819896697998047)
(41.05638885498047, 28.819896697998047)
(41.05638885498047, 28.819896697998047)
(41.05638885498047, 28.819896697998047)
(41.05638885498047, 28.819896697998047)
(41.05638885498047, 28.819896697998047)
(41.05638885498047, 28.819896697998047)
(41.05638885498047, 28.819896697998047)
(41.05638885498047, 28.819896697998047)
(41.05638885498047, 28.819896697998047)
(41.05638885498047, 28.819896697998047)
(41.05638885498047, 28.819896697998047)
(41.05638885498047, 28.819896697998047)
(41.05638885498047, 28.819896697998047)
(41.05638885498047, 28.819896697998047)
(41.05638885498047, 28.819896697998047)
(41.05638885498047, 28.819896697998047)
(41.05638885498047, 28.819896697998047)
(41.05638885498047, 28.819896697998047)
(41.05638885498047, 28.819896697998047)
(41.05638885498047, 28.819896697998047)
(41.05638885498047, 28.819896697998047)
(41.05638885498047, 28.819896697998047)
(41.05638885498047, 28.819896697998047)
(41.05638885498047, 28.819896697998047)
(41.05638885498047, 28.819896697998047)
(41.05638885498047, 28.819896697998047)
(41.05638885498047, 28.819896697998047)
(41.05638885498047, 28.819896697998047)
(41.05638885498047, 28.819896697998047)
(41.05638885498047, 28.819896697998047)
(41.05638885498047, 28.819896697998047)
(41.05638885498047, 28.819896697998047)
(41.05638885498047, 28.819896697998047)
(41.05638885498047, 28.819896697998047)
(41.05638885498047, 28.819896697998047)
(41.05638885498047, 28.819896697998047)
(41.05638885498047, 28.819896697998047)
(41.05638885498047, 28.819896697998047)
(41.05638885498047, 28.819896697998047)
(41.05638885498047, 28.819896697998047)
(41.05638885498047, 28.819896697998047)
(41.05638885498047, 28.819896697998047)
(41.05638885498047, 28.819896697998047)
(41.05638885498047, 28.819896697998047)
(41.05638885498047, 28.819896697998047)
(41.05638885498047, 28.819896697998047)
