-9.339276 3.614995
-10.281431 -2.434200
60.3 30.9
72.8 28
54 32
79.6 27.8
17.864791 0.270316
39.243877 -4.194688
58.882110 -8.279892
73.786659 -11.338730
24.411319 11.027761 
36.603881 9.600346
20.945945 17.153760
20.945945 17.153760
44.981243 6.712272
56.679973 5.006577
61.898170 8.749195
64.135459 2.725347
75.571914 5.490281
76.993080 27.662296
69.787216 28.122192
67.019538 33.568641
61.166702 30.783002
28.963186 36.416702
32.742568 52.893676
48.023242 46.003391
63.711975 47.381938
73.819114 44.753063
79.326980 44.351409

