-32.134995 -34.023746 40.7915 29.5078
-32.134995 -33.023746 40.791547 29.5078
-32.134995 -32.023746 40.791593 29.5078
-32.134995 -31.023746 40.79164 29.5078
-32.134995 -30.023746 40.791687 29.5078
-32.134995 -29.023746 40.791733 29.5078
-32.134995 -28.023746 40.79178 29.5078
-32.134995 -27.023746 40.791827 29.5078
-32.134995 -26.023746 40.791873 29.5078
-32.134995 -25.023746 40.79192 29.5078
-32.134995 -24.023746 40.791967 29.5078
-32.134995 -23.023746 40.792013 29.5078
-32.134995 -22.023746 40.79206 29.5078
-32.134995 -21.023746 40.792107 29.5078
-32.134995 -20.023746 40.792153 29.5078
-32.134995 -19.023746 40.7922 29.5078
-32.134995 -18.023746 40.792247 29.5078
-32.134995 -17.023746 40.792293 29.5078
-32.134995 -16.023746 40.79234 29.5078
-32.134995 -15.023746 40.792387 29.5078
-32.134995 -14.023746 40.792433 29.5078
-32.134995 -13.023746 40.79248 29.5078
-32.134995 -12.023746 40.792527 29.5078
-32.134995 -11.023746 40.792573 29.5078
-32.134995 -10.023746 40.79262 29.5078
-32.134995 -9.023746 40.792667 29.5078
-32.134995 -8.023746 40.792713 29.5078
-32.134995 -7.023746 40.79276 29.5078
-32.134995 -6.023746 40.792807 29.5078
-32.134995 -5.023746 40.792853 29.5078
-31.134995 -34.023746 40.7915 29.50788
-31.134995 -33.023746 40.791547 29.50788
-31.134995 -32.023746 40.791593 29.50788
-31.134995 -31.023746 40.79164 29.50788
-31.134995 -30.023746 40.791687 29.50788
-31.134995 -29.023746 40.791733 29.50788
-31.134995 -28.023746 40.79178 29.50788
-31.134995 -27.023746 40.791827 29.50788
-31.134995 -26.023746 40.791873 29.50788
-31.134995 -25.023746 40.79192 29.50788
-31.134995 -24.023746 40.791967 29.50788
-31.134995 -23.023746 40.792013 29.50788
-31.134995 -22.023746 40.79206 29.50788
-31.134995 -21.023746 40.792107 29.50788
-31.134995 -20.023746 40.792153 29.50788
-31.134995 -19.023746 40.7922 29.50788
-31.134995 -18.023746 40.792247 29.50788
-31.134995 -17.023746 40.792293 29.50788
-31.134995 -16.023746 40.79234 29.50788
-31.134995 -15.023746 40.792387 29.50788
-31.134995 -14.023746 40.792433 29.50788
-31.134995 -13.023746 40.79248 29.50788
-31.134995 -12.023746 40.792527 29.50788
-31.134995 -11.023746 40.792573 29.50788
-31.134995 -10.023746 40.79262 29.50788
-31.134995 -9.023746 40.792667 29.50788
-31.134995 -8.023746 40.792713 29.50788
-31.134995 -7.023746 40.79276 29.50788
-31.134995 -6.023746 40.792807 29.50788
-31.134995 -5.023746 40.792853 29.50788
-30.134995 -34.023746 40.7915 29.50796
-30.134995 -33.023746 40.791547 29.50796
-30.134995 -32.023746 40.791593 29.50796
-30.134995 -31.023746 40.79164 29.50796
-30.134995 -30.023746 40.791687 29.50796
-30.134995 -29.023746 40.791733 29.50796
-30.134995 -28.023746 40.79178 29.50796
-30.134995 -27.023746 40.791827 29.50796
-30.134995 -26.023746 40.791873 29.50796
-30.134995 -25.023746 40.79192 29.50796
-30.134995 -24.023746 40.791967 29.50796
-30.134995 -23.023746 40.792013 29.50796
-30.134995 -22.023746 40.79206 29.50796
-30.134995 -21.023746 40.792107 29.50796
-30.134995 -20.023746 40.792153 29.50796
-30.134995 -19.023746 40.7922 29.50796
-30.134995 -18.023746 40.792247 29.50796
-30.134995 -17.023746 40.792293 29.50796
-30.134995 -16.023746 40.79234 29.50796
-30.134995 -15.023746 40.792387 29.50796
-30.134995 -14.023746 40.792433 29.50796
-30.134995 -13.023746 40.79248 29.50796
-30.134995 -12.023746 40.792527 29.50796
-30.134995 -11.023746 40.792573 29.50796
-30.134995 -10.023746 40.79262 29.50796
-30.134995 -9.023746 40.792667 29.50796
-30.134995 -8.023746 40.792713 29.50796
-30.134995 -7.023746 40.79276 29.50796
-30.134995 -6.023746 40.792807 29.50796
-30.134995 -5.023746 40.792853 29.50796
-29.134995 -34.023746 40.7915 29.50804
-29.134995 -33.023746 40.791547 29.50804
-29.134995 -32.023746 40.791593 29.50804
-29.134995 -31.023746 40.79164 29.50804
-29.134995 -30.023746 40.791687 29.50804
-29.134995 -29.023746 40.791733 29.50804
-29.134995 -28.023746 40.79178 29.50804
-29.134995 -27.023746 40.791827 29.50804
-29.134995 -26.023746 40.791873 29.50804
-29.134995 -25.023746 40.79192 29.50804
-29.134995 -24.023746 40.791967 29.50804
-29.134995 -23.023746 40.792013 29.50804
-29.134995 -22.023746 40.79206 29.50804
-29.134995 -21.023746 40.792107 29.50804
-29.134995 -20.023746 40.792153 29.50804
-29.134995 -19.023746 40.7922 29.50804
-29.134995 -18.023746 40.792247 29.50804
-29.134995 -17.023746 40.792293 29.50804
-29.134995 -16.023746 40.79234 29.50804
-29.134995 -15.023746 40.792387 29.50804
-29.134995 -14.023746 40.792433 29.50804
-29.134995 -13.023746 40.79248 29.50804
-29.134995 -12.023746 40.792527 29.50804
-29.134995 -11.023746 40.792573 29.50804
-29.134995 -10.023746 40.79262 29.50804
-29.134995 -9.023746 40.792667 29.50804
-29.134995 -8.023746 40.792713 29.50804
-29.134995 -7.023746 40.79276 29.50804
-29.134995 -6.023746 40.792807 29.50804
-29.134995 -5.023746 40.792853 29.50804
-28.134995 -34.023746 40.7915 29.50812
-28.134995 -33.023746 40.791547 29.50812
-28.134995 -32.023746 40.791593 29.50812
-28.134995 -31.023746 40.79164 29.50812
-28.134995 -30.023746 40.791687 29.50812
-28.134995 -29.023746 40.791733 29.50812
-28.134995 -28.023746 40.79178 29.50812
-28.134995 -27.023746 40.791827 29.50812
-28.134995 -26.023746 40.791873 29.50812
-28.134995 -25.023746 40.79192 29.50812
-28.134995 -24.023746 40.791967 29.50812
-28.134995 -23.023746 40.792013 29.50812
-28.134995 -22.023746 40.79206 29.50812
-28.134995 -21.023746 40.792107 29.50812
-28.134995 -20.023746 40.792153 29.50812
-28.134995 -19.023746 40.7922 29.50812
-28.134995 -18.023746 40.792247 29.50812
-28.134995 -17.023746 40.792293 29.50812
-28.134995 -16.023746 40.79234 29.50812
-28.134995 -15.023746 40.792387 29.50812
-28.134995 -14.023746 40.792433 29.50812
-28.134995 -13.023746 40.79248 29.50812
-28.134995 -12.023746 40.792527 29.50812
-28.134995 -11.023746 40.792573 29.50812
-28.134995 -10.023746 40.79262 29.50812
-28.134995 -9.023746 40.792667 29.50812
-28.134995 -8.023746 40.792713 29.50812
-28.134995 -7.023746 40.79276 29.50812
-28.134995 -6.023746 40.792807 29.50812
-28.134995 -5.023746 40.792853 29.50812
-27.134995 -34.023746 40.7915 29.5082
-27.134995 -33.023746 40.791547 29.5082
-27.134995 -32.023746 40.791593 29.5082
-27.134995 -31.023746 40.79164 29.5082
-27.134995 -30.023746 40.791687 29.5082
-27.134995 -29.023746 40.791733 29.5082
-27.134995 -28.023746 40.79178 29.5082
-27.134995 -27.023746 40.791827 29.5082
-27.134995 -26.023746 40.791873 29.5082
-27.134995 -25.023746 40.79192 29.5082
-27.134995 -24.023746 40.791967 29.5082
-27.134995 -23.023746 40.792013 29.5082
-27.134995 -22.023746 40.79206 29.5082
-27.134995 -21.023746 40.792107 29.5082
-27.134995 -20.023746 40.792153 29.5082
-27.134995 -19.023746 40.7922 29.5082
-27.134995 -18.023746 40.792247 29.5082
-27.134995 -17.023746 40.792293 29.5082
-27.134995 -16.023746 40.79234 29.5082
-27.134995 -15.023746 40.792387 29.5082
-27.134995 -14.023746 40.792433 29.5082
-27.134995 -13.023746 40.79248 29.5082
-27.134995 -12.023746 40.792527 29.5082
-27.134995 -11.023746 40.792573 29.5082
-27.134995 -10.023746 40.79262 29.5082
-27.134995 -9.023746 40.792667 29.5082
-27.134995 -8.023746 40.792713 29.5082
-27.134995 -7.023746 40.79276 29.5082
-27.134995 -6.023746 40.792807 29.5082
-27.134995 -5.023746 40.792853 29.5082
-26.134995 -34.023746 40.7915 29.50828
-26.134995 -33.023746 40.791547 29.50828
-26.134995 -32.023746 40.791593 29.50828
-26.134995 -31.023746 40.79164 29.50828
-26.134995 -30.023746 40.791687 29.50828
-26.134995 -29.023746 40.791733 29.50828
-26.134995 -28.023746 40.79178 29.50828
-26.134995 -27.023746 40.791827 29.50828
-26.134995 -26.023746 40.791873 29.50828
-26.134995 -25.023746 40.79192 29.50828
-26.134995 -24.023746 40.791967 29.50828
-26.134995 -23.023746 40.792013 29.50828
-26.134995 -22.023746 40.79206 29.50828
-26.134995 -21.023746 40.792107 29.50828
-26.134995 -20.023746 40.792153 29.50828
-26.134995 -19.023746 40.7922 29.50828
-26.134995 -18.023746 40.792247 29.50828
-26.134995 -17.023746 40.792293 29.50828
-26.134995 -16.023746 40.79234 29.50828
-26.134995 -15.023746 40.792387 29.50828
-26.134995 -14.023746 40.792433 29.50828
-26.134995 -13.023746 40.79248 29.50828
-26.134995 -12.023746 40.792527 29.50828
-26.134995 -11.023746 40.792573 29.50828
-26.134995 -10.023746 40.79262 29.50828
-26.134995 -9.023746 40.792667 29.50828
-26.134995 -8.023746 40.792713 29.50828
-26.134995 -7.023746 40.79276 29.50828
-26.134995 -6.023746 40.792807 29.50828
-26.134995 -5.023746 40.792853 29.50828
-25.134995 -34.023746 40.7915 29.50836
-25.134995 -33.023746 40.791547 29.50836
-25.134995 -32.023746 40.791593 29.50836
-25.134995 -31.023746 40.79164 29.50836
-25.134995 -30.023746 40.791687 29.50836
-25.134995 -29.023746 40.791733 29.50836
-25.134995 -28.023746 40.79178 29.50836
-25.134995 -27.023746 40.791827 29.50836
-25.134995 -26.023746 40.791873 29.50836
-25.134995 -25.023746 40.79192 29.50836
-25.134995 -24.023746 40.791967 29.50836
-25.134995 -23.023746 40.792013 29.50836
-25.134995 -22.023746 40.79206 29.50836
-25.134995 -21.023746 40.792107 29.50836
-25.134995 -20.023746 40.792153 29.50836
-25.134995 -19.023746 40.7922 29.50836
-25.134995 -18.023746 40.792247 29.50836
-25.134995 -17.023746 40.792293 29.50836
-25.134995 -16.023746 40.79234 29.50836
-25.134995 -15.023746 40.792387 29.50836
-25.134995 -14.023746 40.792433 29.50836
-25.134995 -13.023746 40.79248 29.50836
-25.134995 -12.023746 40.792527 29.50836
-25.134995 -11.023746 40.792573 29.50836
-25.134995 -10.023746 40.79262 29.50836
-25.134995 -9.023746 40.792667 29.50836
-25.134995 -8.023746 40.792713 29.50836
-25.134995 -7.023746 40.79276 29.50836
-25.134995 -6.023746 40.792807 29.50836
-25.134995 -5.023746 40.792853 29.50836
-24.134995 -34.023746 40.7915 29.50844
-24.134995 -33.023746 40.791547 29.50844
-24.134995 -32.023746 40.791593 29.50844
-24.134995 -31.023746 40.79164 29.50844
-24.134995 -30.023746 40.791687 29.50844
-24.134995 -29.023746 40.791733 29.50844
-24.134995 -28.023746 40.79178 29.50844
-24.134995 -27.023746 40.791827 29.50844
-24.134995 -26.023746 40.791873 29.50844
-24.134995 -25.023746 40.79192 29.50844
-24.134995 -24.023746 40.791967 29.50844
-24.134995 -23.023746 40.792013 29.50844
-24.134995 -22.023746 40.79206 29.50844
-24.134995 -21.023746 40.792107 29.50844
-24.134995 -20.023746 40.792153 29.50844
-24.134995 -19.023746 40.7922 29.50844
-24.134995 -18.023746 40.792247 29.50844
-24.134995 -17.023746 40.792293 29.50844
-24.134995 -16.023746 40.79234 29.50844
-24.134995 -15.023746 40.792387 29.50844
-24.134995 -14.023746 40.792433 29.50844
-24.134995 -13.023746 40.79248 29.50844
-24.134995 -12.023746 40.792527 29.50844
-24.134995 -11.023746 40.792573 29.50844
-24.134995 -10.023746 40.79262 29.50844
-24.134995 -9.023746 40.792667 29.50844
-24.134995 -8.023746 40.792713 29.50844
-24.134995 -7.023746 40.79276 29.50844
-24.134995 -6.023746 40.792807 29.50844
-24.134995 -5.023746 40.792853 29.50844
-23.134995 -34.023746 40.7915 29.50852
-23.134995 -33.023746 40.791547 29.50852
-23.134995 -32.023746 40.791593 29.50852
-23.134995 -31.023746 40.79164 29.50852
-23.134995 -30.023746 40.791687 29.50852
-23.134995 -29.023746 40.791733 29.50852
-23.134995 -28.023746 40.79178 29.50852
-23.134995 -27.023746 40.791827 29.50852
-23.134995 -26.023746 40.791873 29.50852
-23.134995 -25.023746 40.79192 29.50852
-23.134995 -24.023746 40.791967 29.50852
-23.134995 -23.023746 40.792013 29.50852
-23.134995 -22.023746 40.79206 29.50852
-23.134995 -21.023746 40.792107 29.50852
-23.134995 -20.023746 40.792153 29.50852
-23.134995 -19.023746 40.7922 29.50852
-23.134995 -18.023746 40.792247 29.50852
-23.134995 -17.023746 40.792293 29.50852
-23.134995 -16.023746 40.79234 29.50852
-23.134995 -15.023746 40.792387 29.50852
-23.134995 -14.023746 40.792433 29.50852
-23.134995 -13.023746 40.79248 29.50852
-23.134995 -12.023746 40.792527 29.50852
-23.134995 -11.023746 40.792573 29.50852
-23.134995 -10.023746 40.79262 29.50852
-23.134995 -9.023746 40.792667 29.50852
-23.134995 -8.023746 40.792713 29.50852
-23.134995 -7.023746 40.79276 29.50852
-23.134995 -6.023746 40.792807 29.50852
-23.134995 -5.023746 40.792853 29.50852
-22.134995 -34.023746 40.7915 29.5086
-22.134995 -33.023746 40.791547 29.5086
-22.134995 -32.023746 40.791593 29.5086
-22.134995 -31.023746 40.79164 29.5086
-22.134995 -30.023746 40.791687 29.5086
-22.134995 -29.023746 40.791733 29.5086
-22.134995 -28.023746 40.79178 29.5086
-22.134995 -27.023746 40.791827 29.5086
-22.134995 -26.023746 40.791873 29.5086
-22.134995 -25.023746 40.79192 29.5086
-22.134995 -24.023746 40.791967 29.5086
-22.134995 -23.023746 40.792013 29.5086
-22.134995 -22.023746 40.79206 29.5086
-22.134995 -21.023746 40.792107 29.5086
-22.134995 -20.023746 40.792153 29.5086
-22.134995 -19.023746 40.7922 29.5086
-22.134995 -18.023746 40.792247 29.5086
-22.134995 -17.023746 40.792293 29.5086
-22.134995 -16.023746 40.79234 29.5086
-22.134995 -15.023746 40.792387 29.5086
-22.134995 -14.023746 40.792433 29.5086
-22.134995 -13.023746 40.79248 29.5086
-22.134995 -12.023746 40.792527 29.5086
-22.134995 -11.023746 40.792573 29.5086
-22.134995 -10.023746 40.79262 29.5086
-22.134995 -9.023746 40.792667 29.5086
-22.134995 -8.023746 40.792713 29.5086
-22.134995 -7.023746 40.79276 29.5086
-22.134995 -6.023746 40.792807 29.5086
-22.134995 -5.023746 40.792853 29.5086
-21.134995 -34.023746 40.7915 29.50868
-21.134995 -33.023746 40.791547 29.50868
-21.134995 -32.023746 40.791593 29.50868
-21.134995 -31.023746 40.79164 29.50868
-21.134995 -30.023746 40.791687 29.50868
-21.134995 -29.023746 40.791733 29.50868
-21.134995 -28.023746 40.79178 29.50868
-21.134995 -27.023746 40.791827 29.50868
-21.134995 -26.023746 40.791873 29.50868
-21.134995 -25.023746 40.79192 29.50868
-21.134995 -24.023746 40.791967 29.50868
-21.134995 -23.023746 40.792013 29.50868
-21.134995 -22.023746 40.79206 29.50868
-21.134995 -21.023746 40.792107 29.50868
-21.134995 -20.023746 40.792153 29.50868
-21.134995 -19.023746 40.7922 29.50868
-21.134995 -18.023746 40.792247 29.50868
-21.134995 -17.023746 40.792293 29.50868
-21.134995 -16.023746 40.79234 29.50868
-21.134995 -15.023746 40.792387 29.50868
-21.134995 -14.023746 40.792433 29.50868
-21.134995 -13.023746 40.79248 29.50868
-21.134995 -12.023746 40.792527 29.50868
-21.134995 -11.023746 40.792573 29.50868
-21.134995 -10.023746 40.79262 29.50868
-21.134995 -9.023746 40.792667 29.50868
-21.134995 -8.023746 40.792713 29.50868
-21.134995 -7.023746 40.79276 29.50868
-21.134995 -6.023746 40.792807 29.50868
-21.134995 -5.023746 40.792853 29.50868
-20.134995 -34.023746 40.7915 29.50876
-20.134995 -33.023746 40.791547 29.50876
-20.134995 -32.023746 40.791593 29.50876
-20.134995 -31.023746 40.79164 29.50876
-20.134995 -30.023746 40.791687 29.50876
-20.134995 -29.023746 40.791733 29.50876
-20.134995 -28.023746 40.79178 29.50876
-20.134995 -27.023746 40.791827 29.50876
-20.134995 -26.023746 40.791873 29.50876
-20.134995 -25.023746 40.79192 29.50876
-20.134995 -24.023746 40.791967 29.50876
-20.134995 -23.023746 40.792013 29.50876
-20.134995 -22.023746 40.79206 29.50876
-20.134995 -21.023746 40.792107 29.50876
-20.134995 -20.023746 40.792153 29.50876
-20.134995 -19.023746 40.7922 29.50876
-20.134995 -18.023746 40.792247 29.50876
-20.134995 -17.023746 40.792293 29.50876
-20.134995 -16.023746 40.79234 29.50876
-20.134995 -15.023746 40.792387 29.50876
-20.134995 -14.023746 40.792433 29.50876
-20.134995 -13.023746 40.79248 29.50876
-20.134995 -12.023746 40.792527 29.50876
-20.134995 -11.023746 40.792573 29.50876
-20.134995 -10.023746 40.79262 29.50876
-20.134995 -9.023746 40.792667 29.50876
-20.134995 -8.023746 40.792713 29.50876
-20.134995 -7.023746 40.79276 29.50876
-20.134995 -6.023746 40.792807 29.50876
-20.134995 -5.023746 40.792853 29.50876
-19.134995 -34.023746 40.7915 29.50884
-19.134995 -33.023746 40.791547 29.50884
-19.134995 -32.023746 40.791593 29.50884
-19.134995 -31.023746 40.79164 29.50884
-19.134995 -30.023746 40.791687 29.50884
-19.134995 -29.023746 40.791733 29.50884
-19.134995 -28.023746 40.79178 29.50884
-19.134995 -27.023746 40.791827 29.50884
-19.134995 -26.023746 40.791873 29.50884
-19.134995 -25.023746 40.79192 29.50884
-19.134995 -24.023746 40.791967 29.50884
-19.134995 -23.023746 40.792013 29.50884
-19.134995 -22.023746 40.79206 29.50884
-19.134995 -21.023746 40.792107 29.50884
-19.134995 -20.023746 40.792153 29.50884
-19.134995 -19.023746 40.7922 29.50884
-19.134995 -18.023746 40.792247 29.50884
-19.134995 -17.023746 40.792293 29.50884
-19.134995 -16.023746 40.79234 29.50884
-19.134995 -15.023746 40.792387 29.50884
-19.134995 -14.023746 40.792433 29.50884
-19.134995 -13.023746 40.79248 29.50884
-19.134995 -12.023746 40.792527 29.50884
-19.134995 -11.023746 40.792573 29.50884
-19.134995 -10.023746 40.79262 29.50884
-19.134995 -9.023746 40.792667 29.50884
-19.134995 -8.023746 40.792713 29.50884
-19.134995 -7.023746 40.79276 29.50884
-19.134995 -6.023746 40.792807 29.50884
-19.134995 -5.023746 40.792853 29.50884
-18.134995 -34.023746 40.7915 29.50892
-18.134995 -33.023746 40.791547 29.50892
-18.134995 -32.023746 40.791593 29.50892
-18.134995 -31.023746 40.79164 29.50892
-18.134995 -30.023746 40.791687 29.50892
-18.134995 -29.023746 40.791733 29.50892
-18.134995 -28.023746 40.79178 29.50892
-18.134995 -27.023746 40.791827 29.50892
-18.134995 -26.023746 40.791873 29.50892
-18.134995 -25.023746 40.79192 29.50892
-18.134995 -24.023746 40.791967 29.50892
-18.134995 -23.023746 40.792013 29.50892
-18.134995 -22.023746 40.79206 29.50892
-18.134995 -21.023746 40.792107 29.50892
-18.134995 -20.023746 40.792153 29.50892
-18.134995 -19.023746 40.7922 29.50892
-18.134995 -18.023746 40.792247 29.50892
-18.134995 -17.023746 40.792293 29.50892
-18.134995 -16.023746 40.79234 29.50892
-18.134995 -15.023746 40.792387 29.50892
-18.134995 -14.023746 40.792433 29.50892
-18.134995 -13.023746 40.79248 29.50892
-18.134995 -12.023746 40.792527 29.50892
-18.134995 -11.023746 40.792573 29.50892
-18.134995 -10.023746 40.79262 29.50892
-18.134995 -9.023746 40.792667 29.50892
-18.134995 -8.023746 40.792713 29.50892
-18.134995 -7.023746 40.79276 29.50892
-18.134995 -6.023746 40.792807 29.50892
-18.134995 -5.023746 40.792853 29.50892
-17.134995 -34.023746 40.7915 29.509
-17.134995 -33.023746 40.791547 29.509
-17.134995 -32.023746 40.791593 29.509
-17.134995 -31.023746 40.79164 29.509
-17.134995 -30.023746 40.791687 29.509
-17.134995 -29.023746 40.791733 29.509
-17.134995 -28.023746 40.79178 29.509
-17.134995 -27.023746 40.791827 29.509
-17.134995 -26.023746 40.791873 29.509
-17.134995 -25.023746 40.79192 29.509
-17.134995 -24.023746 40.791967 29.509
-17.134995 -23.023746 40.792013 29.509
-17.134995 -22.023746 40.79206 29.509
-17.134995 -21.023746 40.792107 29.509
-17.134995 -20.023746 40.792153 29.509
-17.134995 -19.023746 40.7922 29.509
-17.134995 -18.023746 40.792247 29.509
-17.134995 -17.023746 40.792293 29.509
-17.134995 -16.023746 40.79234 29.509
-17.134995 -15.023746 40.792387 29.509
-17.134995 -14.023746 40.792433 29.509
-17.134995 -13.023746 40.79248 29.509
-17.134995 -12.023746 40.792527 29.509
-17.134995 -11.023746 40.792573 29.509
-17.134995 -10.023746 40.79262 29.509
-17.134995 -9.023746 40.792667 29.509
-17.134995 -8.023746 40.792713 29.509
-17.134995 -7.023746 40.79276 29.509
-17.134995 -6.023746 40.792807 29.509
-17.134995 -5.023746 40.792853 29.509
-16.134995 -34.023746 40.7915 29.50908
-16.134995 -33.023746 40.791547 29.50908
-16.134995 -32.023746 40.791593 29.50908
-16.134995 -31.023746 40.79164 29.50908
-16.134995 -30.023746 40.791687 29.50908
-16.134995 -29.023746 40.791733 29.50908
-16.134995 -28.023746 40.79178 29.50908
-16.134995 -27.023746 40.791827 29.50908
-16.134995 -26.023746 40.791873 29.50908
-16.134995 -25.023746 40.79192 29.50908
-16.134995 -24.023746 40.791967 29.50908
-16.134995 -23.023746 40.792013 29.50908
-16.134995 -22.023746 40.79206 29.50908
-16.134995 -21.023746 40.792107 29.50908
-16.134995 -20.023746 40.792153 29.50908
-16.134995 -19.023746 40.7922 29.50908
-16.134995 -18.023746 40.792247 29.50908
-16.134995 -17.023746 40.792293 29.50908
-16.134995 -16.023746 40.79234 29.50908
-16.134995 -15.023746 40.792387 29.50908
-16.134995 -14.023746 40.792433 29.50908
-16.134995 -13.023746 40.79248 29.50908
-16.134995 -12.023746 40.792527 29.50908
-16.134995 -11.023746 40.792573 29.50908
-16.134995 -10.023746 40.79262 29.50908
-16.134995 -9.023746 40.792667 29.50908
-16.134995 -8.023746 40.792713 29.50908
-16.134995 -7.023746 40.79276 29.50908
-16.134995 -6.023746 40.792807 29.50908
-16.134995 -5.023746 40.792853 29.50908
-15.134995 -34.023746 40.7915 29.50916
-15.134995 -33.023746 40.791547 29.50916
-15.134995 -32.023746 40.791593 29.50916
-15.134995 -31.023746 40.79164 29.50916
-15.134995 -30.023746 40.791687 29.50916
-15.134995 -29.023746 40.791733 29.50916
-15.134995 -28.023746 40.79178 29.50916
-15.134995 -27.023746 40.791827 29.50916
-15.134995 -26.023746 40.791873 29.50916
-15.134995 -25.023746 40.79192 29.50916
-15.134995 -24.023746 40.791967 29.50916
-15.134995 -23.023746 40.792013 29.50916
-15.134995 -22.023746 40.79206 29.50916
-15.134995 -21.023746 40.792107 29.50916
-15.134995 -20.023746 40.792153 29.50916
-15.134995 -19.023746 40.7922 29.50916
-15.134995 -18.023746 40.792247 29.50916
-15.134995 -17.023746 40.792293 29.50916
-15.134995 -16.023746 40.79234 29.50916
-15.134995 -15.023746 40.792387 29.50916
-15.134995 -14.023746 40.792433 29.50916
-15.134995 -13.023746 40.79248 29.50916
-15.134995 -12.023746 40.792527 29.50916
-15.134995 -11.023746 40.792573 29.50916
-15.134995 -10.023746 40.79262 29.50916
-15.134995 -9.023746 40.792667 29.50916
-15.134995 -8.023746 40.792713 29.50916
-15.134995 -7.023746 40.79276 29.50916
-15.134995 -6.023746 40.792807 29.50916
-15.134995 -5.023746 40.792853 29.50916
-14.134995 -34.023746 40.7915 29.50924
-14.134995 -33.023746 40.791547 29.50924
-14.134995 -32.023746 40.791593 29.50924
-14.134995 -31.023746 40.79164 29.50924
-14.134995 -30.023746 40.791687 29.50924
-14.134995 -29.023746 40.791733 29.50924
-14.134995 -28.023746 40.79178 29.50924
-14.134995 -27.023746 40.791827 29.50924
-14.134995 -26.023746 40.791873 29.50924
-14.134995 -25.023746 40.79192 29.50924
-14.134995 -24.023746 40.791967 29.50924
-14.134995 -23.023746 40.792013 29.50924
-14.134995 -22.023746 40.79206 29.50924
-14.134995 -21.023746 40.792107 29.50924
-14.134995 -20.023746 40.792153 29.50924
-14.134995 -19.023746 40.7922 29.50924
-14.134995 -18.023746 40.792247 29.50924
-14.134995 -17.023746 40.792293 29.50924
-14.134995 -16.023746 40.79234 29.50924
-14.134995 -15.023746 40.792387 29.50924
-14.134995 -14.023746 40.792433 29.50924
-14.134995 -13.023746 40.79248 29.50924
-14.134995 -12.023746 40.792527 29.50924
-14.134995 -11.023746 40.792573 29.50924
-14.134995 -10.023746 40.79262 29.50924
-14.134995 -9.023746 40.792667 29.50924
-14.134995 -8.023746 40.792713 29.50924
-14.134995 -7.023746 40.79276 29.50924
-14.134995 -6.023746 40.792807 29.50924
-14.134995 -5.023746 40.792853 29.50924
-13.134995 -34.023746 40.7915 29.50932
-13.134995 -33.023746 40.791547 29.50932
-13.134995 -32.023746 40.791593 29.50932
-13.134995 -31.023746 40.79164 29.50932
-13.134995 -30.023746 40.791687 29.50932
-13.134995 -29.023746 40.791733 29.50932
-13.134995 -28.023746 40.79178 29.50932
-13.134995 -27.023746 40.791827 29.50932
-13.134995 -26.023746 40.791873 29.50932
-13.134995 -25.023746 40.79192 29.50932
-13.134995 -24.023746 40.791967 29.50932
-13.134995 -23.023746 40.792013 29.50932
-13.134995 -22.023746 40.79206 29.50932
-13.134995 -21.023746 40.792107 29.50932
-13.134995 -20.023746 40.792153 29.50932
-13.134995 -19.023746 40.7922 29.50932
-13.134995 -18.023746 40.792247 29.50932
-13.134995 -17.023746 40.792293 29.50932
-13.134995 -16.023746 40.79234 29.50932
-13.134995 -15.023746 40.792387 29.50932
-13.134995 -14.023746 40.792433 29.50932
-13.134995 -13.023746 40.79248 29.50932
-13.134995 -12.023746 40.792527 29.50932
-13.134995 -11.023746 40.792573 29.50932
-13.134995 -10.023746 40.79262 29.50932
-13.134995 -9.023746 40.792667 29.50932
-13.134995 -8.023746 40.792713 29.50932
-13.134995 -7.023746 40.79276 29.50932
-13.134995 -6.023746 40.792807 29.50932
-13.134995 -5.023746 40.792853 29.50932
-12.134995 -34.023746 40.7915 29.5094
-12.134995 -33.023746 40.791547 29.5094
-12.134995 -32.023746 40.791593 29.5094
-12.134995 -31.023746 40.79164 29.5094
-12.134995 -30.023746 40.791687 29.5094
-12.134995 -29.023746 40.791733 29.5094
-12.134995 -28.023746 40.79178 29.5094
-12.134995 -27.023746 40.791827 29.5094
-12.134995 -26.023746 40.791873 29.5094
-12.134995 -25.023746 40.79192 29.5094
-12.134995 -24.023746 40.791967 29.5094
-12.134995 -23.023746 40.792013 29.5094
-12.134995 -22.023746 40.79206 29.5094
-12.134995 -21.023746 40.792107 29.5094
-12.134995 -20.023746 40.792153 29.5094
-12.134995 -19.023746 40.7922 29.5094
-12.134995 -18.023746 40.792247 29.5094
-12.134995 -17.023746 40.792293 29.5094
-12.134995 -16.023746 40.79234 29.5094
-12.134995 -15.023746 40.792387 29.5094
-12.134995 -14.023746 40.792433 29.5094
-12.134995 -13.023746 40.79248 29.5094
-12.134995 -12.023746 40.792527 29.5094
-12.134995 -11.023746 40.792573 29.5094
-12.134995 -10.023746 40.79262 29.5094
-12.134995 -9.023746 40.792667 29.5094
-12.134995 -8.023746 40.792713 29.5094
-12.134995 -7.023746 40.79276 29.5094
-12.134995 -6.023746 40.792807 29.5094
-12.134995 -5.023746 40.792853 29.5094
-11.134995 -34.023746 40.7915 29.50948
-11.134995 -33.023746 40.791547 29.50948
-11.134995 -32.023746 40.791593 29.50948
-11.134995 -31.023746 40.79164 29.50948
-11.134995 -30.023746 40.791687 29.50948
-11.134995 -29.023746 40.791733 29.50948
-11.134995 -28.023746 40.79178 29.50948
-11.134995 -27.023746 40.791827 29.50948
-11.134995 -26.023746 40.791873 29.50948
-11.134995 -25.023746 40.79192 29.50948
-11.134995 -24.023746 40.791967 29.50948
-11.134995 -23.023746 40.792013 29.50948
-11.134995 -22.023746 40.79206 29.50948
-11.134995 -21.023746 40.792107 29.50948
-11.134995 -20.023746 40.792153 29.50948
-11.134995 -19.023746 40.7922 29.50948
-11.134995 -18.023746 40.792247 29.50948
-11.134995 -17.023746 40.792293 29.50948
-11.134995 -16.023746 40.79234 29.50948
-11.134995 -15.023746 40.792387 29.50948
-11.134995 -14.023746 40.792433 29.50948
-11.134995 -13.023746 40.79248 29.50948
-11.134995 -12.023746 40.792527 29.50948
-11.134995 -11.023746 40.792573 29.50948
-11.134995 -10.023746 40.79262 29.50948
-11.134995 -9.023746 40.792667 29.50948
-11.134995 -8.023746 40.792713 29.50948
-11.134995 -7.023746 40.79276 29.50948
-11.134995 -6.023746 40.792807 29.50948
-11.134995 -5.023746 40.792853 29.50948
-10.134995 -34.023746 40.7915 29.50956
-10.134995 -33.023746 40.791547 29.50956
-10.134995 -32.023746 40.791593 29.50956
-10.134995 -31.023746 40.79164 29.50956
-10.134995 -30.023746 40.791687 29.50956
-10.134995 -29.023746 40.791733 29.50956
-10.134995 -28.023746 40.79178 29.50956
-10.134995 -27.023746 40.791827 29.50956
-10.134995 -26.023746 40.791873 29.50956
-10.134995 -25.023746 40.79192 29.50956
-10.134995 -24.023746 40.791967 29.50956
-10.134995 -23.023746 40.792013 29.50956
-10.134995 -22.023746 40.79206 29.50956
-10.134995 -21.023746 40.792107 29.50956
-10.134995 -20.023746 40.792153 29.50956
-10.134995 -19.023746 40.7922 29.50956
-10.134995 -18.023746 40.792247 29.50956
-10.134995 -17.023746 40.792293 29.50956
-10.134995 -16.023746 40.79234 29.50956
-10.134995 -15.023746 40.792387 29.50956
-10.134995 -14.023746 40.792433 29.50956
-10.134995 -13.023746 40.79248 29.50956
-10.134995 -12.023746 40.792527 29.50956
-10.134995 -11.023746 40.792573 29.50956
-10.134995 -10.023746 40.79262 29.50956
-10.134995 -9.023746 40.792667 29.50956
-10.134995 -8.023746 40.792713 29.50956
-10.134995 -7.023746 40.79276 29.50956
-10.134995 -6.023746 40.792807 29.50956
-10.134995 -5.023746 40.792853 29.50956
-9.134995 -34.023746 40.7915 29.50964
-9.134995 -33.023746 40.791547 29.50964
-9.134995 -32.023746 40.791593 29.50964
-9.134995 -31.023746 40.79164 29.50964
-9.134995 -30.023746 40.791687 29.50964
-9.134995 -29.023746 40.791733 29.50964
-9.134995 -28.023746 40.79178 29.50964
-9.134995 -27.023746 40.791827 29.50964
-9.134995 -26.023746 40.791873 29.50964
-9.134995 -25.023746 40.79192 29.50964
-9.134995 -24.023746 40.791967 29.50964
-9.134995 -23.023746 40.792013 29.50964
-9.134995 -22.023746 40.79206 29.50964
-9.134995 -21.023746 40.792107 29.50964
-9.134995 -20.023746 40.792153 29.50964
-9.134995 -19.023746 40.7922 29.50964
-9.134995 -18.023746 40.792247 29.50964
-9.134995 -17.023746 40.792293 29.50964
-9.134995 -16.023746 40.79234 29.50964
-9.134995 -15.023746 40.792387 29.50964
-9.134995 -14.023746 40.792433 29.50964
-9.134995 -13.023746 40.79248 29.50964
-9.134995 -12.023746 40.792527 29.50964
-9.134995 -11.023746 40.792573 29.50964
-9.134995 -10.023746 40.79262 29.50964
-9.134995 -9.023746 40.792667 29.50964
-9.134995 -8.023746 40.792713 29.50964
-9.134995 -7.023746 40.79276 29.50964
-9.134995 -6.023746 40.792807 29.50964
-9.134995 -5.023746 40.792853 29.50964
-8.134995 -34.023746 40.7915 29.50972
-8.134995 -33.023746 40.791547 29.50972
-8.134995 -32.023746 40.791593 29.50972
-8.134995 -31.023746 40.79164 29.50972
-8.134995 -30.023746 40.791687 29.50972
-8.134995 -29.023746 40.791733 29.50972
-8.134995 -28.023746 40.79178 29.50972
-8.134995 -27.023746 40.791827 29.50972
-8.134995 -26.023746 40.791873 29.50972
-8.134995 -25.023746 40.79192 29.50972
-8.134995 -24.023746 40.791967 29.50972
-8.134995 -23.023746 40.792013 29.50972
-8.134995 -22.023746 40.79206 29.50972
-8.134995 -21.023746 40.792107 29.50972
-8.134995 -20.023746 40.792153 29.50972
-8.134995 -19.023746 40.7922 29.50972
-8.134995 -18.023746 40.792247 29.50972
-8.134995 -17.023746 40.792293 29.50972
-8.134995 -16.023746 40.79234 29.50972
-8.134995 -15.023746 40.792387 29.50972
-8.134995 -14.023746 40.792433 29.50972
-8.134995 -13.023746 40.79248 29.50972
-8.134995 -12.023746 40.792527 29.50972
-8.134995 -11.023746 40.792573 29.50972
-8.134995 -10.023746 40.79262 29.50972
-8.134995 -9.023746 40.792667 29.50972
-8.134995 -8.023746 40.792713 29.50972
-8.134995 -7.023746 40.79276 29.50972
-8.134995 -6.023746 40.792807 29.50972
-8.134995 -5.023746 40.792853 29.50972
-7.134995 -34.023746 40.7915 29.5098
-7.134995 -33.023746 40.791547 29.5098
-7.134995 -32.023746 40.791593 29.5098
-7.134995 -31.023746 40.79164 29.5098
-7.134995 -30.023746 40.791687 29.5098
-7.134995 -29.023746 40.791733 29.5098
-7.134995 -28.023746 40.79178 29.5098
-7.134995 -27.023746 40.791827 29.5098
-7.134995 -26.023746 40.791873 29.5098
-7.134995 -25.023746 40.79192 29.5098
-7.134995 -24.023746 40.791967 29.5098
-7.134995 -23.023746 40.792013 29.5098
-7.134995 -22.023746 40.79206 29.5098
-7.134995 -21.023746 40.792107 29.5098
-7.134995 -20.023746 40.792153 29.5098
-7.134995 -19.023746 40.7922 29.5098
-7.134995 -18.023746 40.792247 29.5098
-7.134995 -17.023746 40.792293 29.5098
-7.134995 -16.023746 40.79234 29.5098
-7.134995 -15.023746 40.792387 29.5098
-7.134995 -14.023746 40.792433 29.5098
-7.134995 -13.023746 40.79248 29.5098
-7.134995 -12.023746 40.792527 29.5098
-7.134995 -11.023746 40.792573 29.5098
-7.134995 -10.023746 40.79262 29.5098
-7.134995 -9.023746 40.792667 29.5098
-7.134995 -8.023746 40.792713 29.5098
-7.134995 -7.023746 40.79276 29.5098
-7.134995 -6.023746 40.792807 29.5098
-7.134995 -5.023746 40.792853 29.5098
-6.134995 -34.023746 40.7915 29.50988
-6.134995 -33.023746 40.791547 29.50988
-6.134995 -32.023746 40.791593 29.50988
-6.134995 -31.023746 40.79164 29.50988
-6.134995 -30.023746 40.791687 29.50988
-6.134995 -29.023746 40.791733 29.50988
-6.134995 -28.023746 40.79178 29.50988
-6.134995 -27.023746 40.791827 29.50988
-6.134995 -26.023746 40.791873 29.50988
-6.134995 -25.023746 40.79192 29.50988
-6.134995 -24.023746 40.791967 29.50988
-6.134995 -23.023746 40.792013 29.50988
-6.134995 -22.023746 40.79206 29.50988
-6.134995 -21.023746 40.792107 29.50988
-6.134995 -20.023746 40.792153 29.50988
-6.134995 -19.023746 40.7922 29.50988
-6.134995 -18.023746 40.792247 29.50988
-6.134995 -17.023746 40.792293 29.50988
-6.134995 -16.023746 40.79234 29.50988
-6.134995 -15.023746 40.792387 29.50988
-6.134995 -14.023746 40.792433 29.50988
-6.134995 -13.023746 40.79248 29.50988
-6.134995 -12.023746 40.792527 29.50988
-6.134995 -11.023746 40.792573 29.50988
-6.134995 -10.023746 40.79262 29.50988
-6.134995 -9.023746 40.792667 29.50988
-6.134995 -8.023746 40.792713 29.50988
-6.134995 -7.023746 40.79276 29.50988
-6.134995 -6.023746 40.792807 29.50988
-6.134995 -5.023746 40.792853 29.50988
-5.134995 -34.023746 40.7915 29.50996
-5.134995 -33.023746 40.791547 29.50996
-5.134995 -32.023746 40.791593 29.50996
-5.134995 -31.023746 40.79164 29.50996
-5.134995 -30.023746 40.791687 29.50996
-5.134995 -29.023746 40.791733 29.50996
-5.134995 -28.023746 40.79178 29.50996
-5.134995 -27.023746 40.791827 29.50996
-5.134995 -26.023746 40.791873 29.50996
-5.134995 -25.023746 40.79192 29.50996
-5.134995 -24.023746 40.791967 29.50996
-5.134995 -23.023746 40.792013 29.50996
-5.134995 -22.023746 40.79206 29.50996
-5.134995 -21.023746 40.792107 29.50996
-5.134995 -20.023746 40.792153 29.50996
-5.134995 -19.023746 40.7922 29.50996
-5.134995 -18.023746 40.792247 29.50996
-5.134995 -17.023746 40.792293 29.50996
-5.134995 -16.023746 40.79234 29.50996
-5.134995 -15.023746 40.792387 29.50996
-5.134995 -14.023746 40.792433 29.50996
-5.134995 -13.023746 40.79248 29.50996
-5.134995 -12.023746 40.792527 29.50996
-5.134995 -11.023746 40.792573 29.50996
-5.134995 -10.023746 40.79262 29.50996
-5.134995 -9.023746 40.792667 29.50996
-5.134995 -8.023746 40.792713 29.50996
-5.134995 -7.023746 40.79276 29.50996
-5.134995 -6.023746 40.792807 29.50996
-5.134995 -5.023746 40.792853 29.50996
-4.134995 -34.023746 40.7915 29.51004
-4.134995 -33.023746 40.791547 29.51004
-4.134995 -32.023746 40.791593 29.51004
-4.134995 -31.023746 40.79164 29.51004
-4.134995 -30.023746 40.791687 29.51004
-4.134995 -29.023746 40.791733 29.51004
-4.134995 -28.023746 40.79178 29.51004
-4.134995 -27.023746 40.791827 29.51004
-4.134995 -26.023746 40.791873 29.51004
-4.134995 -25.023746 40.79192 29.51004
-4.134995 -24.023746 40.791967 29.51004
-4.134995 -23.023746 40.792013 29.51004
-4.134995 -22.023746 40.79206 29.51004
-4.134995 -21.023746 40.792107 29.51004
-4.134995 -20.023746 40.792153 29.51004
-4.134995 -19.023746 40.7922 29.51004
-4.134995 -18.023746 40.792247 29.51004
-4.134995 -17.023746 40.792293 29.51004
-4.134995 -16.023746 40.79234 29.51004
-4.134995 -15.023746 40.792387 29.51004
-4.134995 -14.023746 40.792433 29.51004
-4.134995 -13.023746 40.79248 29.51004
-4.134995 -12.023746 40.792527 29.51004
-4.134995 -11.023746 40.792573 29.51004
-4.134995 -10.023746 40.79262 29.51004
-4.134995 -9.023746 40.792667 29.51004
-4.134995 -8.023746 40.792713 29.51004
-4.134995 -7.023746 40.79276 29.51004
-4.134995 -6.023746 40.792807 29.51004
-4.134995 -5.023746 40.792853 29.51004
-3.134995 -34.023746 40.7915 29.51012
-3.134995 -33.023746 40.791547 29.51012
-3.134995 -32.023746 40.791593 29.51012
-3.134995 -31.023746 40.79164 29.51012
-3.134995 -30.023746 40.791687 29.51012
-3.134995 -29.023746 40.791733 29.51012
-3.134995 -28.023746 40.79178 29.51012
-3.134995 -27.023746 40.791827 29.51012
-3.134995 -26.023746 40.791873 29.51012
-3.134995 -25.023746 40.79192 29.51012
-3.134995 -24.023746 40.791967 29.51012
-3.134995 -23.023746 40.792013 29.51012
-3.134995 -22.023746 40.79206 29.51012
-3.134995 -21.023746 40.792107 29.51012
-3.134995 -20.023746 40.792153 29.51012
-3.134995 -19.023746 40.7922 29.51012
-3.134995 -18.023746 40.792247 29.51012
-3.134995 -17.023746 40.792293 29.51012
-3.134995 -16.023746 40.79234 29.51012
-3.134995 -15.023746 40.792387 29.51012
-3.134995 -14.023746 40.792433 29.51012
-3.134995 -13.023746 40.79248 29.51012
-3.134995 -12.023746 40.792527 29.51012
-3.134995 -11.023746 40.792573 29.51012
-3.134995 -10.023746 40.79262 29.51012
-3.134995 -9.023746 40.792667 29.51012
-3.134995 -8.023746 40.792713 29.51012
-3.134995 -7.023746 40.79276 29.51012
-3.134995 -6.023746 40.792807 29.51012
-3.134995 -5.023746 40.792853 29.51012
-2.134995 -34.023746 40.7915 29.5102
-2.134995 -33.023746 40.791547 29.5102
-2.134995 -32.023746 40.791593 29.5102
-2.134995 -31.023746 40.79164 29.5102
-2.134995 -30.023746 40.791687 29.5102
-2.134995 -29.023746 40.791733 29.5102
-2.134995 -28.023746 40.79178 29.5102
-2.134995 -27.023746 40.791827 29.5102
-2.134995 -26.023746 40.791873 29.5102
-2.134995 -25.023746 40.79192 29.5102
-2.134995 -24.023746 40.791967 29.5102
-2.134995 -23.023746 40.792013 29.5102
-2.134995 -22.023746 40.79206 29.5102
-2.134995 -21.023746 40.792107 29.5102
-2.134995 -20.023746 40.792153 29.5102
-2.134995 -19.023746 40.7922 29.5102
-2.134995 -18.023746 40.792247 29.5102
-2.134995 -17.023746 40.792293 29.5102
-2.134995 -16.023746 40.79234 29.5102
-2.134995 -15.023746 40.792387 29.5102
-2.134995 -14.023746 40.792433 29.5102
-2.134995 -13.023746 40.79248 29.5102
-2.134995 -12.023746 40.792527 29.5102
-2.134995 -11.023746 40.792573 29.5102
-2.134995 -10.023746 40.79262 29.5102
-2.134995 -9.023746 40.792667 29.5102
-2.134995 -8.023746 40.792713 29.5102
-2.134995 -7.023746 40.79276 29.5102
-2.134995 -6.023746 40.792807 29.5102
-2.134995 -5.023746 40.792853 29.5102
-1.134995 -34.023746 40.7915 29.51028
-1.134995 -33.023746 40.791547 29.51028
-1.134995 -32.023746 40.791593 29.51028
-1.134995 -31.023746 40.79164 29.51028
-1.134995 -30.023746 40.791687 29.51028
-1.134995 -29.023746 40.791733 29.51028
-1.134995 -28.023746 40.79178 29.51028
-1.134995 -27.023746 40.791827 29.51028
-1.134995 -26.023746 40.791873 29.51028
-1.134995 -25.023746 40.79192 29.51028
-1.134995 -24.023746 40.791967 29.51028
-1.134995 -23.023746 40.792013 29.51028
-1.134995 -22.023746 40.79206 29.51028
-1.134995 -21.023746 40.792107 29.51028
-1.134995 -20.023746 40.792153 29.51028
-1.134995 -19.023746 40.7922 29.51028
-1.134995 -18.023746 40.792247 29.51028
-1.134995 -17.023746 40.792293 29.51028
-1.134995 -16.023746 40.79234 29.51028
-1.134995 -15.023746 40.792387 29.51028
-1.134995 -14.023746 40.792433 29.51028
-1.134995 -13.023746 40.79248 29.51028
-1.134995 -12.023746 40.792527 29.51028
-1.134995 -11.023746 40.792573 29.51028
-1.134995 -10.023746 40.79262 29.51028
-1.134995 -9.023746 40.792667 29.51028
-1.134995 -8.023746 40.792713 29.51028
-1.134995 -7.023746 40.79276 29.51028
-1.134995 -6.023746 40.792807 29.51028
-1.134995 -5.023746 40.792853 29.51028
-0.134995 -34.023746 40.7915 29.51036
-0.134995 -33.023746 40.791547 29.51036
-0.134995 -32.023746 40.791593 29.51036
-0.134995 -31.023746 40.79164 29.51036
-0.134995 -30.023746 40.791687 29.51036
-0.134995 -29.023746 40.791733 29.51036
-0.134995 -28.023746 40.79178 29.51036
-0.134995 -27.023746 40.791827 29.51036
-0.134995 -26.023746 40.791873 29.51036
-0.134995 -25.023746 40.79192 29.51036
-0.134995 -24.023746 40.791967 29.51036
-0.134995 -23.023746 40.792013 29.51036
-0.134995 -22.023746 40.79206 29.51036
-0.134995 -21.023746 40.792107 29.51036
-0.134995 -20.023746 40.792153 29.51036
-0.134995 -19.023746 40.7922 29.51036
-0.134995 -18.023746 40.792247 29.51036
-0.134995 -17.023746 40.792293 29.51036
-0.134995 -16.023746 40.79234 29.51036
-0.134995 -15.023746 40.792387 29.51036
-0.134995 -14.023746 40.792433 29.51036
-0.134995 -13.023746 40.79248 29.51036
-0.134995 -12.023746 40.792527 29.51036
-0.134995 -11.023746 40.792573 29.51036
-0.134995 -10.023746 40.79262 29.51036
-0.134995 -9.023746 40.792667 29.51036
-0.134995 -8.023746 40.792713 29.51036
-0.134995 -7.023746 40.79276 29.51036
-0.134995 -6.023746 40.792807 29.51036
-0.134995 -5.023746 40.792853 29.51036
0.865005 -34.023746 40.7915 29.51044
0.865005 -33.023746 40.791547 29.51044
0.865005 -32.023746 40.791593 29.51044
0.865005 -31.023746 40.79164 29.51044
0.865005 -30.023746 40.791687 29.51044
0.865005 -29.023746 40.791733 29.51044
0.865005 -28.023746 40.79178 29.51044
0.865005 -27.023746 40.791827 29.51044
0.865005 -26.023746 40.791873 29.51044
0.865005 -25.023746 40.79192 29.51044
0.865005 -24.023746 40.791967 29.51044
0.865005 -23.023746 40.792013 29.51044
0.865005 -22.023746 40.79206 29.51044
0.865005 -21.023746 40.792107 29.51044
0.865005 -20.023746 40.792153 29.51044
0.865005 -19.023746 40.7922 29.51044
0.865005 -18.023746 40.792247 29.51044
0.865005 -17.023746 40.792293 29.51044
0.865005 -16.023746 40.79234 29.51044
0.865005 -15.023746 40.792387 29.51044
0.865005 -14.023746 40.792433 29.51044
0.865005 -13.023746 40.79248 29.51044
0.865005 -12.023746 40.792527 29.51044
0.865005 -11.023746 40.792573 29.51044
0.865005 -10.023746 40.79262 29.51044
0.865005 -9.023746 40.792667 29.51044
0.865005 -8.023746 40.792713 29.51044
0.865005 -7.023746 40.79276 29.51044
0.865005 -6.023746 40.792807 29.51044
0.865005 -5.023746 40.792853 29.51044
1.865005 -34.023746 40.7915 29.51052
1.865005 -33.023746 40.791547 29.51052
1.865005 -32.023746 40.791593 29.51052
1.865005 -31.023746 40.79164 29.51052
1.865005 -30.023746 40.791687 29.51052
1.865005 -29.023746 40.791733 29.51052
1.865005 -28.023746 40.79178 29.51052
1.865005 -27.023746 40.791827 29.51052
1.865005 -26.023746 40.791873 29.51052
1.865005 -25.023746 40.79192 29.51052
1.865005 -24.023746 40.791967 29.51052
1.865005 -23.023746 40.792013 29.51052
1.865005 -22.023746 40.79206 29.51052
1.865005 -21.023746 40.792107 29.51052
1.865005 -20.023746 40.792153 29.51052
1.865005 -19.023746 40.7922 29.51052
1.865005 -18.023746 40.792247 29.51052
1.865005 -17.023746 40.792293 29.51052
1.865005 -16.023746 40.79234 29.51052
1.865005 -15.023746 40.792387 29.51052
1.865005 -14.023746 40.792433 29.51052
1.865005 -13.023746 40.79248 29.51052
1.865005 -12.023746 40.792527 29.51052
1.865005 -11.023746 40.792573 29.51052
1.865005 -10.023746 40.79262 29.51052
1.865005 -9.023746 40.792667 29.51052
1.865005 -8.023746 40.792713 29.51052
1.865005 -7.023746 40.79276 29.51052
1.865005 -6.023746 40.792807 29.51052
1.865005 -5.023746 40.792853 29.51052
2.865005 -34.023746 40.7915 29.5106
2.865005 -33.023746 40.791547 29.5106
2.865005 -32.023746 40.791593 29.5106
2.865005 -31.023746 40.79164 29.5106
2.865005 -30.023746 40.791687 29.5106
2.865005 -29.023746 40.791733 29.5106
2.865005 -28.023746 40.79178 29.5106
2.865005 -27.023746 40.791827 29.5106
2.865005 -26.023746 40.791873 29.5106
2.865005 -25.023746 40.79192 29.5106
2.865005 -24.023746 40.791967 29.5106
2.865005 -23.023746 40.792013 29.5106
2.865005 -22.023746 40.79206 29.5106
2.865005 -21.023746 40.792107 29.5106
2.865005 -20.023746 40.792153 29.5106
2.865005 -19.023746 40.7922 29.5106
2.865005 -18.023746 40.792247 29.5106
2.865005 -17.023746 40.792293 29.5106
2.865005 -16.023746 40.79234 29.5106
2.865005 -15.023746 40.792387 29.5106
2.865005 -14.023746 40.792433 29.5106
2.865005 -13.023746 40.79248 29.5106
2.865005 -12.023746 40.792527 29.5106
2.865005 -11.023746 40.792573 29.5106
2.865005 -10.023746 40.79262 29.5106
2.865005 -9.023746 40.792667 29.5106
2.865005 -8.023746 40.792713 29.5106
2.865005 -7.023746 40.79276 29.5106
2.865005 -6.023746 40.792807 29.5106
2.865005 -5.023746 40.792853 29.5106
3.865005 -34.023746 40.7915 29.51068
3.865005 -33.023746 40.791547 29.51068
3.865005 -32.023746 40.791593 29.51068
3.865005 -31.023746 40.79164 29.51068
3.865005 -30.023746 40.791687 29.51068
3.865005 -29.023746 40.791733 29.51068
3.865005 -28.023746 40.79178 29.51068
3.865005 -27.023746 40.791827 29.51068
3.865005 -26.023746 40.791873 29.51068
3.865005 -25.023746 40.79192 29.51068
3.865005 -24.023746 40.791967 29.51068
3.865005 -23.023746 40.792013 29.51068
3.865005 -22.023746 40.79206 29.51068
3.865005 -21.023746 40.792107 29.51068
3.865005 -20.023746 40.792153 29.51068
3.865005 -19.023746 40.7922 29.51068
3.865005 -18.023746 40.792247 29.51068
3.865005 -17.023746 40.792293 29.51068
3.865005 -16.023746 40.79234 29.51068
3.865005 -15.023746 40.792387 29.51068
3.865005 -14.023746 40.792433 29.51068
3.865005 -13.023746 40.79248 29.51068
3.865005 -12.023746 40.792527 29.51068
3.865005 -11.023746 40.792573 29.51068
3.865005 -10.023746 40.79262 29.51068
3.865005 -9.023746 40.792667 29.51068
3.865005 -8.023746 40.792713 29.51068
3.865005 -7.023746 40.79276 29.51068
3.865005 -6.023746 40.792807 29.51068
3.865005 -5.023746 40.792853 29.51068
4.865005 -34.023746 40.7915 29.51076
4.865005 -33.023746 40.791547 29.51076
4.865005 -32.023746 40.791593 29.51076
4.865005 -31.023746 40.79164 29.51076
4.865005 -30.023746 40.791687 29.51076
4.865005 -29.023746 40.791733 29.51076
4.865005 -28.023746 40.79178 29.51076
4.865005 -27.023746 40.791827 29.51076
4.865005 -26.023746 40.791873 29.51076
4.865005 -25.023746 40.79192 29.51076
4.865005 -24.023746 40.791967 29.51076
4.865005 -23.023746 40.792013 29.51076
4.865005 -22.023746 40.79206 29.51076
4.865005 -21.023746 40.792107 29.51076
4.865005 -20.023746 40.792153 29.51076
4.865005 -19.023746 40.7922 29.51076
4.865005 -18.023746 40.792247 29.51076
4.865005 -17.023746 40.792293 29.51076
4.865005 -16.023746 40.79234 29.51076
4.865005 -15.023746 40.792387 29.51076
4.865005 -14.023746 40.792433 29.51076
4.865005 -13.023746 40.79248 29.51076
4.865005 -12.023746 40.792527 29.51076
4.865005 -11.023746 40.792573 29.51076
4.865005 -10.023746 40.79262 29.51076
4.865005 -9.023746 40.792667 29.51076
4.865005 -8.023746 40.792713 29.51076
4.865005 -7.023746 40.79276 29.51076
4.865005 -6.023746 40.792807 29.51076
4.865005 -5.023746 40.792853 29.51076
5.865005 -34.023746 40.7915 29.51084
5.865005 -33.023746 40.791547 29.51084
5.865005 -32.023746 40.791593 29.51084
5.865005 -31.023746 40.79164 29.51084
5.865005 -30.023746 40.791687 29.51084
5.865005 -29.023746 40.791733 29.51084
5.865005 -28.023746 40.79178 29.51084
5.865005 -27.023746 40.791827 29.51084
5.865005 -26.023746 40.791873 29.51084
5.865005 -25.023746 40.79192 29.51084
5.865005 -24.023746 40.791967 29.51084
5.865005 -23.023746 40.792013 29.51084
5.865005 -22.023746 40.79206 29.51084
5.865005 -21.023746 40.792107 29.51084
5.865005 -20.023746 40.792153 29.51084
5.865005 -19.023746 40.7922 29.51084
5.865005 -18.023746 40.792247 29.51084
5.865005 -17.023746 40.792293 29.51084
5.865005 -16.023746 40.79234 29.51084
5.865005 -15.023746 40.792387 29.51084
5.865005 -14.023746 40.792433 29.51084
5.865005 -13.023746 40.79248 29.51084
5.865005 -12.023746 40.792527 29.51084
5.865005 -11.023746 40.792573 29.51084
5.865005 -10.023746 40.79262 29.51084
5.865005 -9.023746 40.792667 29.51084
5.865005 -8.023746 40.792713 29.51084
5.865005 -7.023746 40.79276 29.51084
5.865005 -6.023746 40.792807 29.51084
5.865005 -5.023746 40.792853 29.51084
6.865005 -34.023746 40.7915 29.51092
6.865005 -33.023746 40.791547 29.51092
6.865005 -32.023746 40.791593 29.51092
6.865005 -31.023746 40.79164 29.51092
6.865005 -30.023746 40.791687 29.51092
6.865005 -29.023746 40.791733 29.51092
6.865005 -28.023746 40.79178 29.51092
6.865005 -27.023746 40.791827 29.51092
6.865005 -26.023746 40.791873 29.51092
6.865005 -25.023746 40.79192 29.51092
6.865005 -24.023746 40.791967 29.51092
6.865005 -23.023746 40.792013 29.51092
6.865005 -22.023746 40.79206 29.51092
6.865005 -21.023746 40.792107 29.51092
6.865005 -20.023746 40.792153 29.51092
6.865005 -19.023746 40.7922 29.51092
6.865005 -18.023746 40.792247 29.51092
6.865005 -17.023746 40.792293 29.51092
6.865005 -16.023746 40.79234 29.51092
6.865005 -15.023746 40.792387 29.51092
6.865005 -14.023746 40.792433 29.51092
6.865005 -13.023746 40.79248 29.51092
6.865005 -12.023746 40.792527 29.51092
6.865005 -11.023746 40.792573 29.51092
6.865005 -10.023746 40.79262 29.51092
6.865005 -9.023746 40.792667 29.51092
6.865005 -8.023746 40.792713 29.51092
6.865005 -7.023746 40.79276 29.51092
6.865005 -6.023746 40.792807 29.51092
6.865005 -5.023746 40.792853 29.51092
